12.0493815
 2.3104845
-4.0667923
19.9366844
12.7234369
28.5907034
-7.3278477
-2.5118714
-3.7267832
11.9771763
-0.9142075
28.9050854
26.6072969
 9.2339956
15.4459454
23.1147705
32.8583348
21.2669258
 6.8228768
 1.3263376
-2.6872565
 8.4252499
 3.3231312
 9.9025228
14.0211116
 8.4872606
 7.9981478
28.1633935
-2.2298205
33.5362333
 5.8014907
 7.0613563
 0.8167287
 3.7022416
12.7537188
 0.2790120
23.5868676
 7.8906712
34.9306612
 9.0576525
 8.2531799
 0.2755765
 7.1676379
20.6935906
28.2269132
10.5911244
-3.7822150
 6.9576514
 9.5107084
29.7612042
 6.0901697
 9.9928089
-2.0921928
13.0570689
 2.1305062
25.5012990
21.2765887
11.8540141
21.2138029
 3.7824763
 5.9461122
14.1786804
22.8746192
12.6115629
20.9664662
13.1312313
-5.7427273
 8.7316691
11.5956746
-6.1290555
 0.8841797
 8.0009540
 1.0376981
22.0524460
23.4828238
23.6309402
25.1411656
28.7932835
22.1375068
22.1303811
 5.3707458
 0.9981666
 3.7382959
 8.6313682
 0.1991829
14.7675949
 0.7143078
-2.8667360
 1.4849496
15.6060786
 0.1528899
16.6333931
18.9852121
-4.8044184
31.8322132
 1.9247732
12.8854333
 3.2516711
12.2486209
15.7136062
32.7544647
-0.3048942
-3.4899894
-3.8078804
 3.4962278
 1.1938831
23.4120255
 6.6892831
-4.3845503
30.6945312
25.1436279
27.4069501
-1.3071862
29.6087397
 7.1655679
 2.6345355
32.9775118
 0.9896034
14.7412969
14.8016606
14.4725376
15.9199761
10.3044615
24.1979352
-1.5540307
18.3011332
-0.5039746
-2.7896274
24.8771257
-3.8704626
 9.4822145
33.5794192
 8.5076877
24.2130948
11.0026243
21.7934237
12.9867551
 6.1112668
 6.3116220
18.7652876
14.4465060
20.6859548
-1.1041914
 1.3316892
 3.7569041
19.6267019
11.6009029
26.1373072
 1.8428775
21.8224678
 7.9754130
-6.0547338
-3.6804994
 0.6270843
 2.2261804
25.4791368
-2.5790995
13.2044469
23.3036970
 3.9860786
-1.9908929
 7.9017089
14.7648054
28.8281683
-7.5726235
15.5283465
17.3989735
16.6870110
 3.1856077
-2.2732413
24.8545006
23.6037283
 9.3944948
10.4068948
-6.6542901
13.8726442
 8.8067495
11.6318453
-8.6545558
26.0102813
28.5130233
-2.8204024
22.7043846
 1.1879312
 2.6415562
16.6597989
 8.6247986
13.1290502
 1.2706934
 5.2406305
 7.5652017
 5.8745085
 9.1098460
14.7893329
-2.4935594
 2.6434888
 9.3516645
21.6084644
14.3806064
31.6092899
18.6461753
20.2696159
11.8157461
 0.8511781
 5.3746219
 6.3363202
-7.5952590
 3.3753600
17.3606714
-1.2346399
24.7080564
-5.0559405
18.6747313
-1.3065419
22.9462384
 2.7910082
20.6046441
30.4405312
21.9051754
14.5334263
-8.0010570
 7.5721211
 4.5464501
11.5556559
10.7926956
13.2869789
 6.5893719
38.8926865
15.3817741
-7.0805177
-3.4738412
23.8850612
18.6908031
12.5734261
-9.7410847
-6.2806170
 0.3615430
29.1554057
15.9189855
 3.7903532
-4.5067647
24.1517089
32.3291658
 2.9000796
-12.2650257
22.3094417
-3.4326737
20.2360322
-7.1315058
-3.3613691
-3.6489612
 7.8497962
24.9089725
-4.8661927
 9.5945903
 4.7483546
23.8326967
 3.2758649
13.5243068
-7.2042076
 2.7288919
27.7161473
28.8934459
22.0560247
29.6285375
25.3075522
23.0161383
28.7559199
30.6350689
31.5971166
19.7666956
 4.5544480
24.0384141
29.2406007
-1.6675455
 1.1662507
24.4682118
26.8782227
 7.7771008
 0.9479627
17.1037376
21.3387591
30.4612889
11.4033546
21.6595842
 2.9263445
19.2701508
-4.8906421
 5.0310847
 2.4702118
29.0577657
10.1272590
-8.6400319
18.1562310
12.7674569
29.7971482
 4.3368427
23.0551771
 3.3781519
25.8152707
 6.0687598
15.5911855
 1.4260310
26.4344796
 2.1597400
-2.2575231
 5.8338342
19.8772858
19.3391800
19.4067859
 2.0222860
 5.0679473
35.7292205
21.5006402
-3.4457802
14.4062539
30.5341877
35.5176984
 7.5883754
10.3268891
 1.7105352
 4.8974283
-6.7494449
-0.2033365
 0.4443604
-6.6259006
 2.0879859
29.7343777
23.5280811
-2.3097887
 4.6563878
16.8501594
14.7581735
26.4502737
 8.8381111
34.7986400
-0.9187571
11.3129324
-3.4621915
 1.4326546
16.5500067
17.4367152
21.4804099
 4.5734429
 3.5114292
29.5619283
 3.9718132
-9.9132335
18.5725967
16.6635784
21.2329388
10.9181050
-4.9671075
 3.4487434
 7.0166245
 9.2810869
 5.5272169
-2.9999603
13.6526892
33.9724693
 2.2329839
30.0401996
-0.7246225
-5.3857155
-7.5861182
11.3388619
29.3616181
19.3964721
-3.7100398
-0.3918963
 1.6936133
26.2928906
23.4726197
28.3591729
-6.8425719
-4.2842167
-3.4639025
 8.3336517
21.0186910
29.2246126
 6.8144118
24.0263185
36.5357781
10.7706952
-5.8298381
-6.2734533
 8.3849471
17.8325788
-1.6838018
-2.4843710
26.4181924
-3.5324967
 0.2220207
-3.7566381
 4.5947041
28.1505083
-5.6765412
28.4154028
-1.8237948
13.0381725
27.6104694
17.2750607
 0.8257886
31.1102894
 3.3216569
18.9812476
29.0515551
 4.6280439
25.5870524
29.7087209
-1.0298292
-6.8833646
 0.3899618
26.4285811
13.5530616
10.4154159
33.7934386
21.1257340
 4.2261037
37.9761848
 7.2579254
26.5895358
 4.1206227
21.3321061
 7.2876423
-1.6236200
-0.8313092
 6.2832306
 5.5329104
 5.7532939
34.1385007
18.4013456
 9.4845622
15.0164075
12.6842198
23.2464889
 5.6836450
 4.1543914
 9.7514238
37.3254787
17.4702322
21.6824293
11.2943658
-2.7724709
 0.6283877
26.3879023
 9.1621805
28.3479434
 2.8614678
11.3515715
22.6036790
 0.4597419
19.5328265
17.6692034
24.8302114
10.7195302
13.2299283
28.3270871
43.2490090
24.6145830
10.2980809
 2.3294957
 5.1043629
 6.8089325
19.3659948
11.2616752
31.0185179
 1.7196591
 9.7781806
24.0470092
 0.2987316
 7.5921947
-12.3640747
-4.0945678
26.9261660
-0.8490168
 8.5929320
 8.2430349
-5.6288741
12.0759887
12.7734425
13.2313810
17.6182829
19.4358479
 1.6787551
 1.9575073
11.3744860
15.9426448
 3.8477040
29.6448856
26.1183035
31.6513580
 5.8612024
-2.5415442
17.2911949
 7.6847923
 7.4521811
16.7828861
 7.4736032
25.8267892
 2.4001372
 7.8758645
-1.2375492
-2.4648293
25.5293216
 6.8934777
10.8582186
23.3465695
-1.0169009
 2.0441986
 0.2835905
-1.1659872
-3.0422316
 3.6115460
-3.0306114
23.1683651
30.0282917
-2.6546652
16.8985606
14.6192848
-6.0029099
 3.5333236
-1.5892957
16.0225155
-5.8192477
 6.0172621
31.3399595
11.8618624
14.0607918
13.8792368
 4.6073854
 2.6332566
15.4384039
23.5687646
11.2975299
16.0827859
 5.9595668
19.8183368
24.0507287
-0.1503517
-2.9817212
-15.7856918
16.0081539
25.5904621
34.1751325
18.7800922
 6.7484201
 5.8577864
25.9563133
 9.7114705
 7.0872433
25.2607289
32.6641809
 4.8463295
-0.8271959
22.1686818
28.9780848
-0.3537513
-7.0100654
-4.2391954
24.4504989
 8.9306690
25.7203742
20.9147758
19.7158732
25.3144675
20.5304247
13.9935567
13.8802848
20.9575556
16.8321599
-7.5980234
 9.8211615
14.0463130
10.7461439
23.0418399
13.2750645
 8.0058742
-1.2358033
 8.5480787
-4.1815923
18.9183697
20.9245669
 1.6949587
 1.2324916
-4.0735894
20.6792105
 0.4176004
14.6946515
23.9936379
13.6708060
11.0060316
 2.4823991
28.9938429
22.0303829
 8.3642315
 8.0596391
-0.2226139
19.2810287
16.0976836
12.9764023
 0.1985284
23.3585158
31.7692088
26.7398853
 0.3358122
-15.3797010
19.6098696
-5.0482312
14.5637992
 5.0030554
13.5950958
 0.6050607
 9.3702435
 8.7566432
 8.1271905
13.6430229
 8.3553916
 9.5396429
16.1605029
 2.9724265
 7.1669951
-9.2226414
22.6839793
29.5100530
 3.3539712
 6.0088548
30.1912416
-8.1455270
22.0369085
 9.4499855
 0.6805018
-3.1523335
16.7673537
26.3819753
 5.0241007
15.7742379
-5.3038967
 6.8566946
11.7213346
31.1096726
 6.5374427
26.5308098
19.4844475
14.4530547
24.7515272
29.9150297
-0.2954980
17.2452328
12.4988072
16.4232693
-2.3977665
-2.3794811
29.2362043
15.7882951
-2.7340239
 8.5489537
 3.6769995
20.3777770
 7.9175008
10.6621816
19.6685248
14.6429651
24.6607260
28.6163587
 9.7232642
21.3317536
 8.7310924
-2.4622008
28.8309492
25.1842054
21.5988132
25.6128921
-2.5530319
13.5117372
33.5310349
 4.6663365
-7.4949888
20.8765908
 8.7043908
 4.8652541
25.4613459
-9.7704339
 2.1853010
 2.5529469
28.7909844
24.9408100
 5.4717125
10.9795209
22.4561568
23.0157668
19.1109604
30.5879411
 1.6006469
 2.5640341
-5.2396065
-4.0763159
15.7720348
 7.1267740
-3.5255579
33.3883467
 5.5792494
26.4860317
25.8779638
25.3405688
18.9110458
34.7987744
 0.1854276
23.2712116
22.8393718
-8.2201401
-1.6825479
 9.8297800
 8.1469423
13.4084208
10.8848676
 5.6253747
 8.4410714
12.8336772
32.6166565
31.2653049
30.4846267
 0.7638855
24.9528133
 2.9387311
18.6678481
 3.4505208
-0.2489209
-2.8973874
25.3422725
12.1690560
29.4957230
 7.7879271
 0.3316063
12.1817643
13.0744579
17.2101554
28.2779422
36.7245302
 7.3068321
31.7317708
 0.9646374
15.6612707
 4.7235822
23.6651014
-2.1222636
25.7560404
-0.4465056
27.6426517
13.3319395
29.5185956
29.4102565
27.2372573
 5.2632164
28.4045416
 3.2015626
31.8645084
14.4702252
 4.4739865
15.2499368
 1.7297272
 9.0285958
 7.6150289
23.8330072
 0.6872825
14.4575060
 3.4970206
10.5932387
10.5299726
-1.7072077
27.7305911
15.0364153
31.0646587
19.9256667
 1.2326179
-5.0363950
 4.0802690
12.8842084
 1.6696985
30.7777123
15.1228996
 4.5513478
11.7899362
-6.4212626
26.3236224
13.1286615
28.1851103
-1.1904004
 7.6993122
26.8070758
 6.7162054
 5.1392824
24.2844592
 0.9999191
 0.2088647
-5.1751216
 0.9260990
 0.7966614
25.7655180
 3.0145700
23.6894010
15.7625723
15.2655478
 9.8601688
 7.3902333
-0.8595224
-3.6274807
25.8196704
25.5665764
-6.0035029
 2.2572098
-5.4703188
18.0753541
11.8328564
 8.2228094
 4.2062072
28.1777371
11.8969595
-0.1927335
26.7203546
 3.5197496
 6.8965961
21.8466469
 1.1994573
12.1197340
18.8206575
22.1157177
15.6267219
24.8530323
23.5210153
34.2614554
18.4338196
26.9624739
28.6687144
 9.4017712
-3.6200500
14.0547275
 4.2484587
 6.5449811
11.7223778
-11.0988346
 3.9039647
-1.2113866
 3.7587790
-4.7554103
18.3769234
18.4372920
 1.3372266
19.9623639
 0.3330206
 3.4049760
-7.3143391
-2.1892034
-9.0178980
 0.1884663
10.7207406
 8.1836255
11.7327723
-2.1129475
 0.1047925
 9.6580219
20.8791320
 5.0423433
 7.9893916
22.0650473
25.3660692
11.8467259
 0.3161887
 8.8162315
-5.0895168
-4.5232848
 8.6206176
 3.5596987
 3.2751282
-3.2808130
23.2858463
-3.5393565
 8.9075310
 5.7709971
15.2625699
10.7301549
-2.9643039
24.5537780
16.7314323
-2.7236564
 4.9241156
15.2961238
 0.3482375
-9.7432279
11.2391821
 0.2920092
-4.7750180
15.5046107
29.2476265
12.9349447
 4.2953940
33.4042387
23.5545096
 1.4924051
 4.5215583
30.1301148
23.0920212
22.9760517
22.0408162
 5.4513774
-3.0924403
 8.3136287
 9.8667105
19.1540387
 9.9196845
-1.7667142
 9.0285971
23.2075032
-1.4658106
25.2251455
18.5162352
28.4109807
23.2925808
30.0054087
-2.4302362
30.4179200
 1.8053223
15.8688116
-7.8922420
25.3054379
27.1346775
-1.6937566
31.0184118
27.8843033
-0.6371694
13.5304931
-2.9045176
16.2218333
25.5212462
 8.6011495
16.5879483
10.0887290
 4.0833993
11.3801213
 7.6566994
 8.4538989
-3.0466086
12.9155087
18.7512261
11.2272499
 2.6028035
25.7172118
26.9645559
 2.4807346
-0.7084691
-2.2689756
13.2611937
12.1751991
 0.0816038
17.6057614
30.2429522
-5.4214553
 0.9753025
-11.0534461
15.0279201
36.0632764
 9.8083190
29.0668156
 5.9434909
12.9416104
13.7713634
-1.2330818
23.7626480
14.5339296
23.8287979
25.5080915
 0.4706749
15.8687742
 6.7014990
 6.6087945
13.5384759
 4.9953448
27.0633872
 0.2205648
 4.1691031
 9.6510943
 1.8622063
 5.4672514
 0.6085599
-9.7378636
21.8424318
-1.6707296
17.1872102
-4.4478149
-2.0193747
25.8723252
14.8818879
20.1183562
 6.5755216
 2.4406383
21.2476074
 3.6311175
22.0204584
14.5797715
25.7084886
