    1        19.6801
    2        9.82422
    3        6.93584
    4        5.47479
    5        4.57356
    6        3.95486
    7        3.50039
    8        3.15056
    9        2.87185
   10        2.64387
   11        2.45347
   12        2.29172
   13         2.1524
   14        2.03095
   15        1.92402
   16        1.82905
   17        1.74406
   18         1.6675
   19        1.59812
   20        1.53491
   21        1.47705
   22        1.42386
   23        1.37478
   24        1.32932
   25        1.28709
   26        1.24773
   27        1.21095
   28        1.17649
   29        1.14414
   30        1.11369
   31        1.08497
   32        1.05785
   33        1.03218
   34        1.00785
   35       0.984753
   36       0.962797
   37       0.941899
   38       0.921985
   39       0.902987
   40       0.884844
   41       0.867502
   42       0.850911
   43       0.835026
   44       0.819805
   45        0.80521
   46       0.791208
   47       0.777765
   48       0.764853
   49       0.752444
   50       0.740512
   51       0.729035
   52       0.717991
   53       0.707358
   54       0.697119
   55       0.687254
   56       0.677747
   57       0.668582
   58       0.659744
   59       0.651219
   60       0.642993
   61       0.635054
   62       0.627388
   63       0.619986
   64       0.612835
   65       0.605925
   66       0.599246
   67       0.592789
   68       0.586545
   69       0.580504
   70       0.574658
   71          0.569
   72       0.563521
   73       0.558214
   74       0.553073
   75       0.548089
   76       0.543258
   77       0.538573
   78       0.534027
   79       0.529615
   80       0.525331
   81       0.521171
   82       0.517129
   83         0.5132
   84        0.50938
   85       0.505664
   86       0.502048
   87       0.498528
   88         0.4951
   89       0.491761
   90       0.488505
   91       0.485331
   92       0.482235
   93       0.479213
   94       0.476263
   95       0.473382
   96       0.470567
   97       0.467815
   98       0.465123
   99        0.46249
  100       0.459913
  101        0.45739
  102       0.454918
  103       0.452496
  104       0.450121
  105       0.447792
  106       0.445507
  107       0.443264
  108       0.441062
  109       0.438899
  110       0.436773
  111       0.434683
  112       0.432628
  113       0.430606
  114       0.428617
  115       0.426658
  116       0.424729
  117       0.422829
  118       0.420957
  119       0.419111
  120       0.417291
  121       0.415495
  122       0.413724
  123       0.411976
  124        0.41025
  125       0.408545
  126       0.406861
  127       0.405197
  128       0.403553
  129       0.401927
  130        0.40032
  131        0.39873
  132       0.397157
  133       0.395601
  134        0.39406
  135       0.392535
  136       0.391025
  137        0.38953
  138       0.388049
  139       0.386581
  140       0.385127
  141       0.383685
  142       0.382256
  143        0.38084
  144       0.379435
  145       0.378042
  146        0.37666
  147       0.375289
  148       0.373929
  149       0.372579
  150       0.371239
  151        0.36991
  152        0.36859
  153       0.367279
  154       0.365977
  155       0.364685
  156       0.363401
  157       0.362126
  158        0.36086
  159       0.359601
  160       0.358351
  161       0.357108
  162       0.355873
  163       0.354646
  164       0.353426
  165       0.352214
  166       0.351009
  167        0.34981
  168       0.348619
  169       0.347434
  170       0.346256
  171       0.345084
  172       0.343919
  173        0.34276
  174       0.341607
  175       0.340461
  176        0.33932
  177       0.338185
  178       0.337057
  179       0.335933
  180       0.334816
  181       0.333704
  182       0.332597
  183       0.331496
  184         0.3304
  185        0.32931
  186       0.328224
  187       0.327144
  188       0.326068
  189       0.324998
  190       0.323933
  191       0.322872
  192       0.321816
  193       0.320765
  194       0.319719
  195       0.318677
  196        0.31764
  197       0.316608
  198       0.315579
  199       0.314556
  200       0.313536
  201       0.312521
  202        0.31151
  203       0.310504
  204       0.309502
  205       0.308503
  206       0.307509
  207       0.306519
  208       0.305533
  209       0.304551
  210       0.303573
  211       0.302599
  212       0.301629
  213       0.300663
  214         0.2997
  215       0.298742
  216       0.297787
  217       0.296835
  218       0.295888
  219       0.294944
  220       0.294004
  221       0.293067
  222       0.292134
  223       0.291205
  224       0.290279
  225       0.289356
  226       0.288437
  227       0.287522
  228       0.286609
  229       0.285701
  230       0.284795
  231       0.283893
  232       0.282994
  233       0.282099
  234       0.281207
  235       0.280318
  236       0.279432
  237        0.27855
  238        0.27767
  239       0.276794
  240       0.275921
  241       0.275052
  242       0.274185
  243       0.273321
  244       0.272461
  245       0.271603
  246       0.270749
  247       0.269897
  248       0.269049
  249       0.268203
  250       0.267361
  251       0.266521
  252       0.265684
  253       0.264851
  254        0.26402
  255       0.263192
  256       0.262367
  257       0.261544
  258       0.260725
  259       0.259908
  260       0.259094
  261       0.258283
  262       0.257475
  263        0.25667
  264       0.255867
  265       0.255067
  266       0.254269
  267       0.253475
  268       0.252683
  269       0.251893
  270       0.251107
  271       0.250323
  272       0.249541
  273       0.248763
  274       0.247987
  275       0.247213
  276       0.246442
  277       0.245674
  278       0.244908
  279       0.244145
  280       0.243384
  281       0.242626
  282        0.24187
  283       0.241117
  284       0.240366
  285       0.239618
  286       0.238872
  287       0.238128
  288       0.237388
  289       0.236649
  290       0.235913
  291       0.235179
  292       0.234448
  293       0.233719
  294       0.232993
  295       0.232269
  296       0.231547
  297       0.230828
  298       0.230111
  299       0.229396
  300       0.228683
  301       0.227973
  302       0.227266
  303        0.22656
  304       0.225857
  305       0.225156
  306       0.224457
  307       0.223761
  308       0.223067
  309       0.222375
  310       0.221685
  311       0.220997
  312       0.220312
  313       0.219629
  314       0.218948
  315       0.218269
  316       0.217593
  317       0.216918
  318       0.216246
  319       0.215576
  320       0.214908
  321       0.214242
  322       0.213578
  323       0.212917
  324       0.212257
  325         0.2116
  326       0.210945
  327       0.210292
  328        0.20964
  329       0.208991
  330       0.208344
  331       0.207699
  332       0.207057
  333       0.206416
  334       0.205777
  335        0.20514
  336       0.204505
  337       0.203873
  338       0.203242
  339       0.202613
  340       0.201986
  341       0.201361
  342       0.200739
  343       0.200118
  344       0.199499
  345       0.198882
  346       0.198267
  347       0.197654
  348       0.197043
  349       0.196433
  350       0.195826
  351       0.195221
  352       0.194617
  353       0.194016
  354       0.193416
  355       0.192818
  356       0.192222
  357       0.191628
  358       0.191036
  359       0.190445
  360       0.189857
  361        0.18927
  362       0.188685
  363       0.188102
  364       0.187521
  365       0.186942
  366       0.186364
  367       0.185789
  368       0.185215
  369       0.184643
  370       0.184072
  371       0.183504
  372       0.182937
  373       0.182372
  374       0.181809
  375       0.181247
  376       0.180687
  377       0.180129
  378       0.179573
  379       0.179019
  380       0.178466
  381       0.177915
  382       0.177365
  383       0.176818
  384       0.176272
  385       0.175728
  386       0.175185
  387       0.174644
  388       0.174105
  389       0.173568
  390       0.173032
  391       0.172498
  392       0.171965
  393       0.171435
  394       0.170905
  395       0.170378
  396       0.169852
  397       0.169328
  398       0.168805
  399       0.168284
  400       0.167765
  401       0.167247
  402       0.166731
  403       0.166216
  404       0.165703
  405       0.165192
  406       0.164682
  407       0.164174
  408       0.163668
  409       0.163163
  410       0.162659
  411       0.162157
  412       0.161657
  413       0.161158
  414       0.160661
  415       0.160165
  416       0.159671
  417       0.159178
  418       0.158687
  419       0.158198
  420        0.15771
  421       0.157223
  422       0.156738
  423       0.156255
  424       0.155772
  425       0.155292
  426       0.154813
  427       0.154335
  428       0.153859
  429       0.153385
  430       0.152911
  431        0.15244
  432        0.15197
  433       0.151501
  434       0.151033
  435       0.150568
  436       0.150103
  437        0.14964
  438       0.149179
  439       0.148719
  440        0.14826
  441       0.147803
  442       0.147347
  443       0.146892
  444       0.146439
  445       0.145988
  446       0.145537
  447       0.145088
  448       0.144641
  449       0.144195
  450        0.14375
  451       0.143307
  452       0.142865
  453       0.142424
  454       0.141985
  455       0.141547
  456       0.141111
  457       0.140675
  458       0.140242
  459       0.139809
  460       0.139378
  461       0.138948
  462        0.13852
  463       0.138093
  464       0.137667
  465       0.137242
  466       0.136819
  467       0.136397
  468       0.135976
  469       0.135557
  470       0.135139
  471       0.134722
  472       0.134307
  473       0.133893
  474        0.13348
  475       0.133068
  476       0.132658
  477       0.132249
  478       0.131841
  479       0.131435
  480       0.131029
  481       0.130625
  482       0.130223
  483       0.129821
  484       0.129421
  485       0.129022
  486       0.128624
  487       0.128227
  488       0.127832
  489       0.127438
  490       0.127045
  491       0.126653
  492       0.126263
  493       0.125873
  494       0.125485
  495       0.125098
  496       0.124713
  497       0.124328
  498       0.123945
  499       0.123563
  500       0.123182
  501       0.122802
  502       0.122423
  503       0.122046
  504       0.121669
  505       0.121294
  506        0.12092
  507       0.120548
  508       0.120176
  509       0.119805
  510       0.119436
  511       0.119068
  512       0.118701
  513       0.118335
  514        0.11797
  515       0.117606
  516       0.117244
  517       0.116882
  518       0.116522
  519       0.116162
  520       0.115804
  521       0.115447
  522       0.115091
  523       0.114737
  524       0.114383
  525        0.11403
  526       0.113679
  527       0.113328
  528       0.112979
  529        0.11263
  530       0.112283
  531       0.111937
  532       0.111592
  533       0.111248
  534       0.110905
  535       0.110563
  536       0.110222
  537       0.109882
  538       0.109544
  539       0.109206
  540       0.108869
  541       0.108534
  542       0.108199
  543       0.107865
  544       0.107533
  545       0.107201
  546       0.106871
  547       0.106541
  548       0.106213
  549       0.105885
  550       0.105559
  551       0.105234
  552       0.104909
  553       0.104586
  554       0.104263
  555       0.103942
  556       0.103621
  557       0.103302
  558       0.102984
  559       0.102666
  560        0.10235
  561       0.102034
  562       0.101719
  563       0.101406
  564       0.101093
  565       0.100782
  566       0.100471
  567       0.100161
  568      0.0998524
  569      0.0995446
  570      0.0992377
  571      0.0989318
  572      0.0986268
  573      0.0983228
  574      0.0980197
  575      0.0977175
  576      0.0974162
  577      0.0971159
  578      0.0968165
  579      0.0965181
  580      0.0962205
  581      0.0959239
  582      0.0956282
  583      0.0953334
  584      0.0950395
  585      0.0947465
  586      0.0944544
  587      0.0941632
  588       0.093873
  589      0.0935836
  590      0.0932951
  591      0.0930075
  592      0.0927207
  593      0.0924349
  594      0.0921499
  595      0.0918659
  596      0.0915827
  597      0.0913003
  598      0.0910189
  599      0.0907383
  600      0.0904586
  601      0.0901797
  602      0.0899017
  603      0.0896246
  604      0.0893483
  605      0.0890728
  606      0.0887983
  607      0.0885245
  608      0.0882516
  609      0.0879796
  610      0.0877083
  611       0.087438
  612      0.0871684
  613      0.0868997
  614      0.0866318
  615      0.0863647
  616      0.0860985
  617      0.0858331
  618      0.0855685
  619      0.0853047
  620      0.0850417
  621      0.0847796
  622      0.0845182
  623      0.0842577
  624      0.0839979
  625       0.083739
  626      0.0834808
  627      0.0832235
  628      0.0829669
  629      0.0827112
  630      0.0824562
  631       0.082202
  632      0.0819486
  633       0.081696
  634      0.0814441
  635      0.0811931
  636      0.0809428
  637      0.0806932
  638      0.0804445
  639      0.0801965
  640      0.0799493
  641      0.0797028
  642      0.0794571
  643      0.0792122
  644       0.078968
  645      0.0787246
  646      0.0784819
  647      0.0782399
  648      0.0779987
  649      0.0777583
  650      0.0775186
  651      0.0772796
  652      0.0770414
  653      0.0768039
  654      0.0765671
  655      0.0763311
  656      0.0760958
  657      0.0758612
  658      0.0756274
  659      0.0753942
  660      0.0751618
  661      0.0749301
  662      0.0746991
  663      0.0744688
  664      0.0742393
  665      0.0740104
  666      0.0737823
  667      0.0735548
  668      0.0733281
  669       0.073102
  670      0.0728767
  671       0.072652
  672      0.0724281
  673      0.0722048
  674      0.0719822
  675      0.0717603
  676      0.0715391
  677      0.0713186
  678      0.0710987
  679      0.0708795
  680       0.070661
  681      0.0704432
  682      0.0702261
  683      0.0700096
  684      0.0697938
  685      0.0695786
  686      0.0693641
  687      0.0691503
  688      0.0689371
  689      0.0687246
  690      0.0685127
  691      0.0683015
  692       0.068091
  693      0.0678811
  694      0.0676718
  695      0.0674632
  696      0.0672553
  697      0.0670479
  698      0.0668412
  699      0.0666352
  700      0.0664298
  701       0.066225
  702      0.0660208
  703      0.0658173
  704      0.0656144
  705      0.0654122
  706      0.0652105
  707      0.0650095
  708      0.0648091
  709      0.0646093
  710      0.0644101
  711      0.0642116
  712      0.0640136
  713      0.0638163
  714      0.0636196
  715      0.0634235
  716      0.0632279
  717       0.063033
  718      0.0628387
  719       0.062645
  720      0.0624519
  721      0.0622594
  722      0.0620675
  723      0.0618761
  724      0.0616854
  725      0.0614952
  726      0.0613056
  727      0.0611167
  728      0.0609283
  729      0.0607404
  730      0.0605532
  731      0.0603665
  732      0.0601804
  733      0.0599949
  734        0.05981
  735      0.0596256
  736      0.0594418
  737      0.0592586
  738      0.0590759
  739      0.0588938
  740      0.0587122
  741      0.0585312
  742      0.0583508
  743      0.0581709
  744      0.0579916
  745      0.0578128
  746      0.0576346
  747      0.0574569
  748      0.0572798
  749      0.0571032
  750      0.0569272
  751      0.0567517
  752      0.0565768
  753      0.0564024
  754      0.0562285
  755      0.0560552
  756      0.0558824
  757      0.0557101
  758      0.0555384
  759      0.0553672
  760      0.0551965
  761      0.0550263
  762      0.0548567
  763      0.0546876
  764       0.054519
  765       0.054351
  766      0.0541834
  767      0.0540164
  768      0.0538499
  769      0.0536839
  770      0.0535184
  771      0.0533534
  772      0.0531889
  773       0.053025
  774      0.0528615
  775      0.0526985
  776      0.0525361
  777      0.0523741
  778      0.0522127
  779      0.0520517
  780      0.0518913
  781      0.0517313
  782      0.0515718
  783      0.0514129
  784      0.0512544
  785      0.0510964
  786      0.0509389
  787      0.0507818
  788      0.0506253
  789      0.0504692
  790      0.0503136
  791      0.0501585
  792      0.0500039
  793      0.0498498
  794      0.0496961
  795      0.0495429
  796      0.0493902
  797      0.0492379
  798      0.0490861
  799      0.0489348
  800       0.048784
  801      0.0486336
  802      0.0484837
  803      0.0483342
  804      0.0481852
  805      0.0480367
  806      0.0478886
  807       0.047741
  808      0.0475938
  809      0.0474471
  810      0.0473008
  811       0.047155
  812      0.0470096
  813      0.0468647
  814      0.0467203
  815      0.0465762
  816      0.0464327
  817      0.0462895
  818      0.0461468
  819      0.0460046
  820      0.0458628
  821      0.0457214
  822      0.0455804
  823      0.0454399
  824      0.0452999
  825      0.0451602
  826       0.045021
  827      0.0448822
  828      0.0447439
  829      0.0446059
  830      0.0444684
  831      0.0443313
  832      0.0441947
  833      0.0440584
  834      0.0439226
  835      0.0437872
  836      0.0436522
  837      0.0435177
  838      0.0433835
  839      0.0432498
  840      0.0431165
  841      0.0429835
  842       0.042851
  843      0.0427189
  844      0.0425873
  845       0.042456
  846      0.0423251
  847      0.0421946
  848      0.0420646
  849      0.0419349
  850      0.0418056
  851      0.0416767
  852      0.0415483
  853      0.0414202
  854      0.0412925
  855      0.0411652
  856      0.0410383
  857      0.0409118
  858      0.0407857
  859        0.04066
  860      0.0405346
  861      0.0404097
  862      0.0402851
  863      0.0401609
  864      0.0400371
  865      0.0399137
  866      0.0397906
  867       0.039668
  868      0.0395457
  869      0.0394238
  870      0.0393023
  871      0.0391811
  872      0.0390603
  873      0.0389399
  874      0.0388199
  875      0.0387002
  876      0.0385809
  877       0.038462
  878      0.0383434
  879      0.0382252
  880      0.0381074
  881      0.0379899
  882      0.0378728
  883       0.037756
  884      0.0376397
  885      0.0375236
  886      0.0374079
  887      0.0372926
  888      0.0371777
  889      0.0370631
  890      0.0369488
  891      0.0368349
  892      0.0367214
  893      0.0366082
  894      0.0364953
  895      0.0363828
  896      0.0362707
  897      0.0361588
  898      0.0360474
  899      0.0359363
  900      0.0358255
  901       0.035715
  902      0.0356049
  903      0.0354952
  904      0.0353858
  905      0.0352767
  906      0.0351679
  907      0.0350595
  908      0.0349514
  909      0.0348437
  910      0.0347363
  911      0.0346292
  912      0.0345225
  913       0.034416
  914      0.0343099
  915      0.0342042
  916      0.0340987
  917      0.0339936
  918      0.0338888
  919      0.0337844
  920      0.0336802
  921      0.0335764
  922      0.0334729
  923      0.0333697
  924      0.0332668
  925      0.0331643
  926       0.033062
  927      0.0329601
  928      0.0328585
  929      0.0327572
  930      0.0326563
  931      0.0325556
  932      0.0324552
  933      0.0323552
  934      0.0322554
  935       0.032156
  936      0.0320569
  937      0.0319581
  938      0.0318595
  939      0.0317613
  940      0.0316634
  941      0.0315658
  942      0.0314685
  943      0.0313715
  944      0.0312748
  945      0.0311784
  946      0.0310823
  947      0.0309865
  948      0.0308909
  949      0.0307957
  950      0.0307008
  951      0.0306061
  952      0.0305118
  953      0.0304177
  954       0.030324
  955      0.0302305
  956      0.0301373
  957      0.0300444
  958      0.0299518
  959      0.0298594
  960      0.0297674
  961      0.0296756
  962      0.0295841
  963      0.0294929
  964       0.029402
  965      0.0293114
  966       0.029221
  967       0.029131
  968      0.0290412
  969      0.0289516
  970      0.0288624
  971      0.0287734
  972      0.0286847
  973      0.0285963
  974      0.0285081
  975      0.0284203
  976      0.0283326
  977      0.0282453
  978      0.0281582
  979      0.0280714
  980      0.0279849
  981      0.0278986
  982      0.0278126
  983      0.0277269
  984      0.0276414
  985      0.0275562
  986      0.0274713
  987      0.0273866
  988      0.0273022
  989       0.027218
  990      0.0271341
  991      0.0270504
  992      0.0269671
  993      0.0268839
  994       0.026801
  995      0.0267184
  996      0.0266361
  997       0.026554
  998      0.0264721
  999      0.0263905
 1000      0.0263091
 1001       0.026228
 1002      0.0261472
 1003      0.0260666
 1004      0.0259862
 1005      0.0259061
 1006      0.0258263
 1007      0.0257466
 1008      0.0256673
 1009      0.0255882
 1010      0.0255093
 1011      0.0254306
 1012      0.0253522
 1013      0.0252741
 1014      0.0251962
 1015      0.0251185
 1016      0.0250411
 1017      0.0249639
 1018      0.0248869
 1019      0.0248102
 1020      0.0247337
 1021      0.0246575
 1022      0.0245815
 1023      0.0245057
 1024      0.0244302
 1025      0.0243548
 1026      0.0242798
 1027      0.0242049
 1028      0.0241303
 1029      0.0240559
 1030      0.0239818
 1031      0.0239078
 1032      0.0238341
 1033      0.0237607
 1034      0.0236874
 1035      0.0236144
 1036      0.0235416
 1037       0.023469
 1038      0.0233967
 1039      0.0233246
 1040      0.0232527
 1041       0.023181
 1042      0.0231095
 1043      0.0230383
 1044      0.0229673
 1045      0.0228965
 1046      0.0228259
 1047      0.0227555
 1048      0.0226854
 1049      0.0226154
 1050      0.0225457
 1051      0.0224762
 1052      0.0224069
 1053      0.0223379
 1054       0.022269
 1055      0.0222003
 1056      0.0221319
 1057      0.0220637
 1058      0.0219957
 1059      0.0219279
 1060      0.0218603
 1061      0.0217929
 1062      0.0217257
 1063      0.0216587
 1064       0.021592
 1065      0.0215254
 1066       0.021459
 1067      0.0213929
 1068      0.0213269
 1069      0.0212612
 1070      0.0211957
 1071      0.0211303
 1072      0.0210652
 1073      0.0210002
 1074      0.0209355
 1075       0.020871
 1076      0.0208066
 1077      0.0207425
 1078      0.0206786
 1079      0.0206148
 1080      0.0205513
 1081      0.0204879
 1082      0.0204247
 1083      0.0203618
 1084       0.020299
 1085      0.0202364
 1086      0.0201741
 1087      0.0201119
 1088      0.0200499
 1089      0.0199881
 1090      0.0199264
 1091       0.019865
 1092      0.0198038
 1093      0.0197427
 1094      0.0196819
 1095      0.0196212
 1096      0.0195607
 1097      0.0195004
 1098      0.0194403
 1099      0.0193804
 1100      0.0193206
 1101      0.0192611
 1102      0.0192017
 1103      0.0191425
 1104      0.0190835
 1105      0.0190247
 1106       0.018966
 1107      0.0189076
 1108      0.0188493
 1109      0.0187912
 1110      0.0187332
 1111      0.0186755
 1112      0.0186179
 1113      0.0185605
 1114      0.0185033
 1115      0.0184463
 1116      0.0183894
 1117      0.0183327
 1118      0.0182762
 1119      0.0182199
 1120      0.0181637
 1121      0.0181077
 1122      0.0180519
 1123      0.0179962
 1124      0.0179408
 1125      0.0178855
 1126      0.0178303
 1127      0.0177754
 1128      0.0177206
 1129      0.0176659
 1130      0.0176115
 1131      0.0175572
 1132      0.0175031
 1133      0.0174491
 1134      0.0173953
 1135      0.0173417
 1136      0.0172882
 1137      0.0172349
 1138      0.0171818
 1139      0.0171288
 1140       0.017076
 1141      0.0170234
 1142      0.0169709
 1143      0.0169186
 1144      0.0168665
 1145      0.0168145
 1146      0.0167626
 1147       0.016711
 1148      0.0166594
 1149      0.0166081
 1150      0.0165569
 1151      0.0165059
 1152       0.016455
 1153      0.0164042
 1154      0.0163537
 1155      0.0163033
 1156       0.016253
 1157      0.0162029
 1158       0.016153
 1159      0.0161032
 1160      0.0160535
 1161       0.016004
 1162      0.0159547
 1163      0.0159055
 1164      0.0158565
 1165      0.0158076
 1166      0.0157589
 1167      0.0157103
 1168      0.0156619
 1169      0.0156136
 1170      0.0155655
 1171      0.0155175
 1172      0.0154696
 1173      0.0154219
 1174      0.0153744
 1175       0.015327
 1176      0.0152798
 1177      0.0152327
 1178      0.0151857
 1179      0.0151389
 1180      0.0150922
 1181      0.0150457
 1182      0.0149993
 1183      0.0149531
 1184       0.014907
 1185       0.014861
 1186      0.0148152
 1187      0.0147695
 1188       0.014724
 1189      0.0146786
 1190      0.0146334
 1191      0.0145883
 1192      0.0145433
 1193      0.0144985
 1194      0.0144538
 1195      0.0144092
 1196      0.0143648
 1197      0.0143205
 1198      0.0142764
 1199      0.0142324
 1200      0.0141885
 1201      0.0141447
 1202      0.0141011
 1203      0.0140577
 1204      0.0140143
 1205      0.0139711
 1206      0.0139281
 1207      0.0138851
 1208      0.0138423
 1209      0.0137997
 1210      0.0137571
 1211      0.0137147
 1212      0.0136724
 1213      0.0136303
 1214      0.0135883
 1215      0.0135464
 1216      0.0135046
 1217       0.013463
 1218      0.0134215
 1219      0.0133801
 1220      0.0133389
 1221      0.0132978
 1222      0.0132568
 1223      0.0132159
 1224      0.0131752
 1225      0.0131345
 1226       0.013094
 1227      0.0130537
 1228      0.0130134
 1229      0.0129733
 1230      0.0129333
 1231      0.0128935
 1232      0.0128537
 1233      0.0128141
 1234      0.0127746
 1235      0.0127352
 1236       0.012696
 1237      0.0126568
 1238      0.0126178
 1239      0.0125789
 1240      0.0125401
 1241      0.0125015
 1242      0.0124629
 1243      0.0124245
 1244      0.0123862
 1245       0.012348
 1246        0.01231
 1247       0.012272
 1248      0.0122342
 1249      0.0121965
 1250      0.0121589
 1251      0.0121214
 1252       0.012084
 1253      0.0120468
 1254      0.0120096
 1255      0.0119726
 1256      0.0119357
 1257      0.0118989
 1258      0.0118622
 1259      0.0118257
 1260      0.0117892
 1261      0.0117529
 1262      0.0117166
 1263      0.0116805
 1264      0.0116445
 1265      0.0116086
 1266      0.0115728
 1267      0.0115372
 1268      0.0115016
 1269      0.0114661
 1270      0.0114308
 1271      0.0113956
 1272      0.0113604
 1273      0.0113254
 1274      0.0112905
 1275      0.0112557
 1276       0.011221
 1277      0.0111864
 1278      0.0111519
 1279      0.0111175
 1280      0.0110833
 1281      0.0110491
 1282       0.011015
 1283      0.0109811
 1284      0.0109472
 1285      0.0109135
 1286      0.0108798
 1287      0.0108463
 1288      0.0108129
 1289      0.0107795
 1290      0.0107463
 1291      0.0107132
 1292      0.0106802
 1293      0.0106472
 1294      0.0106144
 1295      0.0105817
 1296      0.0105491
 1297      0.0105166
 1298      0.0104841
 1299      0.0104518
 1300      0.0104196
 1301      0.0103875
 1302      0.0103555
 1303      0.0103235
 1304      0.0102917
 1305        0.01026
 1306      0.0102284
 1307      0.0101968
 1308      0.0101654
 1309      0.0101341
 1310      0.0101028
 1311      0.0100717
 1312      0.0100406
 1313      0.0100097
 1314     0.00997881
 1315     0.00994805
 1316     0.00991739
 1317     0.00988681
 1318     0.00985634
 1319     0.00982595
 1320     0.00979566
 1321     0.00976547
 1322     0.00973536
 1323     0.00970535
 1324     0.00967543
 1325     0.00964561
 1326     0.00961587
 1327     0.00958623
 1328     0.00955668
 1329     0.00952722
 1330     0.00949785
 1331     0.00946857
 1332     0.00943938
 1333     0.00941028
 1334     0.00938127
 1335     0.00935236
 1336     0.00932353
 1337     0.00929478
 1338     0.00926613
 1339     0.00923757
 1340     0.00920909
 1341      0.0091807
 1342      0.0091524
 1343     0.00912419
 1344     0.00909606
 1345     0.00906802
 1346     0.00904007
 1347      0.0090122
 1348     0.00898442
 1349     0.00895672
 1350     0.00892911
 1351     0.00890159
 1352     0.00887414
 1353     0.00884679
 1354     0.00881952
 1355     0.00879233
 1356     0.00876523
 1357     0.00873821
 1358     0.00871127
 1359     0.00868441
 1360     0.00865764
 1361     0.00863095
 1362     0.00860435
 1363     0.00857782
 1364     0.00855138
 1365     0.00852502
 1366     0.00849874
 1367     0.00847254
 1368     0.00844642
 1369     0.00842039
 1370     0.00839443
 1371     0.00836855
 1372     0.00834275
 1373     0.00831704
 1374      0.0082914
 1375     0.00826584
 1376     0.00824036
 1377     0.00821495
 1378     0.00818963
 1379     0.00816439
 1380     0.00813922
 1381     0.00811413
 1382     0.00808911
 1383     0.00806418
 1384     0.00803932
 1385     0.00801454
 1386     0.00798983
 1387      0.0079652
 1388     0.00794065
 1389     0.00791617
 1390     0.00789176
 1391     0.00786744
 1392     0.00784318
 1393     0.00781901
 1394      0.0077949
 1395     0.00777087
 1396     0.00774692
 1397     0.00772304
 1398     0.00769923
 1399      0.0076755
 1400     0.00765183
 1401     0.00762825
 1402     0.00760473
 1403     0.00758129
 1404     0.00755792
 1405     0.00753462
 1406     0.00751139
 1407     0.00748824
 1408     0.00746515
 1409     0.00744214
 1410      0.0074192
 1411     0.00739633
 1412     0.00737353
 1413      0.0073508
 1414     0.00732814
 1415     0.00730555
 1416     0.00728303
 1417     0.00726058
 1418     0.00723819
 1419     0.00721588
 1420     0.00719364
 1421     0.00717146
 1422     0.00714935
 1423     0.00712732
 1424     0.00710534
 1425     0.00708344
 1426      0.0070616
 1427     0.00703984
 1428     0.00701813
 1429      0.0069965
 1430     0.00697493
 1431     0.00695343
 1432       0.006932
 1433     0.00691063
 1434     0.00688932
 1435     0.00686809
 1436     0.00684691
 1437     0.00682581
 1438     0.00680477
 1439     0.00678379
 1440     0.00676288
 1441     0.00674203
 1442     0.00672125
 1443     0.00670053
 1444     0.00667987
 1445     0.00665928
 1446     0.00663875
 1447     0.00661829
 1448     0.00659788
 1449     0.00657754
 1450     0.00655727
 1451     0.00653705
 1452      0.0065169
 1453     0.00649681
 1454     0.00647679
 1455     0.00645682
 1456     0.00643692
 1457     0.00641707
 1458     0.00639729
 1459     0.00637757
 1460     0.00635791
 1461     0.00633831
 1462     0.00631877
 1463     0.00629929
 1464     0.00627988
 1465     0.00626052
 1466     0.00624122
 1467     0.00622198
 1468      0.0062028
 1469     0.00618368
 1470     0.00616461
 1471     0.00614561
 1472     0.00612667
 1473     0.00610778
 1474     0.00608895
 1475     0.00607018
 1476     0.00605147
 1477     0.00603281
 1478     0.00601422
 1479     0.00599568
 1480     0.00597719
 1481     0.00595877
 1482      0.0059404
 1483     0.00592209
 1484     0.00590383
 1485     0.00588563
 1486     0.00586749
 1487      0.0058494
 1488     0.00583137
 1489     0.00581339
 1490     0.00579547
 1491     0.00577761
 1492      0.0057598
 1493     0.00574204
 1494     0.00572434
 1495     0.00570669
 1496      0.0056891
 1497     0.00567156
 1498     0.00565408
 1499     0.00563665
 1500     0.00561928
 1501     0.00560195
 1502     0.00558468
 1503     0.00556747
 1504     0.00555031
 1505      0.0055332
 1506     0.00551614
 1507     0.00549913
 1508     0.00548218
 1509     0.00546528
 1510     0.00544844
 1511     0.00543164
 1512      0.0054149
 1513      0.0053982
 1514     0.00538156
 1515     0.00536497
 1516     0.00534843
 1517     0.00533195
 1518     0.00531551
 1519     0.00529912
 1520     0.00528279
 1521      0.0052665
 1522     0.00525027
 1523     0.00523408
 1524     0.00521795
 1525     0.00520186
 1526     0.00518583
 1527     0.00516984
 1528     0.00515391
 1529     0.00513802
 1530     0.00512218
 1531     0.00510639
 1532     0.00509065
 1533     0.00507495
 1534     0.00505931
 1535     0.00504371
 1536     0.00502817
 1537     0.00501267
 1538     0.00499721
 1539     0.00498181
 1540     0.00496645
 1541     0.00495114
 1542     0.00493588
 1543     0.00492066
 1544     0.00490549
 1545     0.00489037
 1546      0.0048753
 1547     0.00486027
 1548     0.00484529
 1549     0.00483035
 1550     0.00481546
 1551     0.00480061
 1552     0.00478582
 1553     0.00477106
 1554     0.00475635
 1555     0.00474169
 1556     0.00472708
 1557      0.0047125
 1558     0.00469798
 1559     0.00468349
 1560     0.00466906
 1561     0.00465466
 1562     0.00464031
 1563     0.00462601
 1564     0.00461175
 1565     0.00459753
 1566     0.00458336
 1567     0.00456923
 1568     0.00455515
 1569      0.0045411
 1570     0.00452711
 1571     0.00451315
 1572     0.00449924
 1573     0.00448537
 1574     0.00447154
 1575     0.00445776
 1576     0.00444401
 1577     0.00443032
 1578     0.00441666
 1579     0.00440304
 1580     0.00438947
 1581     0.00437594
 1582     0.00436245
 1583       0.004349
 1584     0.00433559
 1585     0.00432223
 1586     0.00430891
 1587     0.00429562
 1588     0.00428238
 1589     0.00426918
 1590     0.00425602
 1591      0.0042429
 1592     0.00422982
 1593     0.00421678
 1594     0.00420378
 1595     0.00419082
 1596      0.0041779
 1597     0.00416502
 1598     0.00415219
 1599     0.00413939
 1600     0.00412663
 1601      0.0041139
 1602     0.00410122
 1603     0.00408858
 1604     0.00407598
 1605     0.00406341
 1606     0.00405089
 1607      0.0040384
 1608     0.00402595
 1609     0.00401354
 1610     0.00400117
 1611     0.00398883
 1612     0.00397653
 1613     0.00396428
 1614     0.00395206
 1615     0.00393987
 1616     0.00392773
 1617     0.00391562
 1618     0.00390355
 1619     0.00389152
 1620     0.00387952
 1621     0.00386756
 1622     0.00385564
 1623     0.00384375
 1624      0.0038319
 1625     0.00382009
 1626     0.00380831
 1627     0.00379658
 1628     0.00378487
 1629      0.0037732
 1630     0.00376157
 1631     0.00374998
 1632     0.00373842
 1633     0.00372689
 1634      0.0037154
 1635     0.00370395
 1636     0.00369253
 1637     0.00368115
 1638      0.0036698
 1639     0.00365849
 1640     0.00364721
 1641     0.00363597
 1642     0.00362476
 1643     0.00361359
 1644     0.00360245
 1645     0.00359134
 1646     0.00358027
 1647     0.00356923
 1648     0.00355823
 1649     0.00354726
 1650     0.00353633
 1651     0.00352543
 1652     0.00351456
 1653     0.00350372
 1654     0.00349292
 1655     0.00348216
 1656     0.00347142
 1657     0.00346072
 1658     0.00345005
 1659     0.00343942
 1660     0.00342881
 1661     0.00341824
 1662     0.00340771
 1663      0.0033972
 1664     0.00338673
 1665     0.00337629
 1666     0.00336588
 1667     0.00335551
 1668     0.00334516
 1669     0.00333485
 1670     0.00332457
 1671     0.00331432
 1672      0.0033041
 1673     0.00329392
 1674     0.00328376
 1675     0.00327364
 1676     0.00326355
 1677     0.00325349
 1678     0.00324346
 1679     0.00323346
 1680     0.00322349
 1681     0.00321356
 1682     0.00320365
 1683     0.00319377
 1684     0.00318393
 1685     0.00317411
 1686     0.00316433
 1687     0.00315457
 1688     0.00314485
 1689     0.00313516
 1690     0.00312549
 1691     0.00311586
 1692     0.00310625
 1693     0.00309668
 1694     0.00308713
 1695     0.00307761
 1696     0.00306813
 1697     0.00305867
 1698     0.00304924
 1699     0.00303984
 1700     0.00303047
 1701     0.00302113
 1702     0.00301181
 1703     0.00300253
 1704     0.00299327
 1705     0.00298405
 1706     0.00297485
 1707     0.00296568
 1708     0.00295653
 1709     0.00294742
 1710     0.00293833
 1711     0.00292928
 1712     0.00292025
 1713     0.00291124
 1714     0.00290227
 1715     0.00289332
 1716      0.0028844
 1717     0.00287551
 1718     0.00286665
 1719     0.00285781
 1720       0.002849
 1721     0.00284022
 1722     0.00283146
 1723     0.00282274
 1724     0.00281403
 1725     0.00280536
 1726     0.00279671
 1727     0.00278809
 1728     0.00277949
 1729     0.00277093
 1730     0.00276238
 1731     0.00275387
 1732     0.00274538
 1733     0.00273692
 1734     0.00272848
 1735     0.00272007
 1736     0.00271168
 1737     0.00270332
 1738     0.00269499
 1739     0.00268668
 1740      0.0026784
 1741     0.00267014
 1742     0.00266191
 1743     0.00265371
 1744     0.00264553
 1745     0.00263737
 1746     0.00262924
 1747     0.00262114
 1748     0.00261306
 1749       0.002605
 1750     0.00259697
 1751     0.00258897
 1752     0.00258098
 1753     0.00257303
 1754      0.0025651
 1755     0.00255719
 1756     0.00254931
 1757     0.00254145
 1758     0.00253361
 1759      0.0025258
 1760     0.00251802
 1761     0.00251025
 1762     0.00250252
 1763      0.0024948
 1764     0.00248711
 1765     0.00247944
 1766      0.0024718
 1767     0.00246418
 1768     0.00245658
 1769     0.00244901
 1770     0.00244146
 1771     0.00243394
 1772     0.00242643
 1773     0.00241895
 1774      0.0024115
 1775     0.00240406
 1776     0.00239665
 1777     0.00238926
 1778      0.0023819
 1779     0.00237456
 1780     0.00236724
 1781     0.00235994
 1782     0.00235266
 1783     0.00234541
 1784     0.00233818
 1785     0.00233097
 1786     0.00232379
 1787     0.00231662
 1788     0.00230948
 1789     0.00230236
 1790     0.00229527
 1791     0.00228819
 1792     0.00228114
 1793      0.0022741
 1794     0.00226709
 1795     0.00226011
 1796     0.00225314
 1797     0.00224619
 1798     0.00223927
 1799     0.00223237
 1800     0.00222548
 1801     0.00221862
 1802     0.00221178
 1803     0.00220497
 1804     0.00219817
 1805     0.00219139
 1806     0.00218464
 1807      0.0021779
 1808     0.00217119
 1809      0.0021645
 1810     0.00215782
 1811     0.00215117
 1812     0.00214454
 1813     0.00213793
 1814     0.00213134
 1815     0.00212477
 1816     0.00211822
 1817     0.00211169
 1818     0.00210518
 1819     0.00209869
 1820     0.00209222
 1821     0.00208577
 1822     0.00207934
 1823     0.00207293
 1824     0.00206654
 1825     0.00206017
 1826     0.00205382
 1827     0.00204749
 1828     0.00204118
 1829     0.00203488
 1830     0.00202861
 1831     0.00202236
 1832     0.00201612
 1833     0.00200991
 1834     0.00200371
 1835     0.00199754
 1836     0.00199138
 1837     0.00198524
 1838     0.00197912
 1839     0.00197302
 1840     0.00196694
 1841     0.00196087
 1842     0.00195483
 1843      0.0019488
 1844     0.00194279
 1845     0.00193681
 1846     0.00193084
 1847     0.00192488
 1848     0.00191895
 1849     0.00191303
 1850     0.00190714
 1851     0.00190126
 1852      0.0018954
 1853     0.00188955
 1854     0.00188373
 1855     0.00187792
 1856     0.00187213
 1857     0.00186636
 1858     0.00186061
 1859     0.00185487
 1860     0.00184916
 1861     0.00184345
 1862     0.00183777
 1863     0.00183211
 1864     0.00182646
 1865     0.00182083
 1866     0.00181522
 1867     0.00180962
 1868     0.00180404
 1869     0.00179848
 1870     0.00179294
 1871     0.00178741
 1872      0.0017819
 1873     0.00177641
 1874     0.00177093
 1875     0.00176547
 1876     0.00176003
 1877      0.0017546
 1878     0.00174919
 1879      0.0017438
 1880     0.00173843
 1881     0.00173307
 1882     0.00172772
 1883      0.0017224
 1884     0.00171709
 1885      0.0017118
 1886     0.00170652
 1887     0.00170126
 1888     0.00169601
 1889     0.00169079
 1890     0.00168557
 1891     0.00168038
 1892      0.0016752
 1893     0.00167003
 1894     0.00166489
 1895     0.00165975
 1896     0.00165464
 1897     0.00164954
 1898     0.00164445
 1899     0.00163938
 1900     0.00163433
 1901     0.00162929
 1902     0.00162427
 1903     0.00161926
 1904     0.00161427
 1905     0.00160929
 1906     0.00160433
 1907     0.00159939
 1908     0.00159446
 1909     0.00158954
 1910     0.00158464
 1911     0.00157976
 1912     0.00157489
 1913     0.00157003
 1914     0.00156519
 1915     0.00156037
 1916     0.00155556
 1917     0.00155076
 1918     0.00154598
 1919     0.00154121
 1920     0.00153646
 1921     0.00153173
 1922     0.00152701
 1923      0.0015223
 1924     0.00151761
 1925     0.00151293
 1926     0.00150826
 1927     0.00150361
 1928     0.00149898
 1929     0.00149436
 1930     0.00148975
 1931     0.00148516
 1932     0.00148058
 1933     0.00147602
 1934     0.00147147
 1935     0.00146693
 1936     0.00146241
 1937      0.0014579
 1938     0.00145341
 1939     0.00144893
 1940     0.00144446
 1941     0.00144001
 1942     0.00143557
 1943     0.00143114
 1944     0.00142673
 1945     0.00142233
 1946     0.00141795
 1947     0.00141358
 1948     0.00140922
 1949     0.00140487
 1950     0.00140054
 1951     0.00139623
 1952     0.00139192
 1953     0.00138763
 1954     0.00138335
 1955     0.00137909
 1956     0.00137484
 1957      0.0013706
 1958     0.00136637
 1959     0.00136216
 1960     0.00135796
 1961     0.00135378
 1962      0.0013496
 1963     0.00134544
 1964      0.0013413
 1965     0.00133716
 1966     0.00133304
 1967     0.00132893
 1968     0.00132483
 1969     0.00132075
 1970     0.00131668
 1971     0.00131262
 1972     0.00130857
 1973     0.00130454
 1974     0.00130052
 1975     0.00129651
 1976     0.00129251
 1977     0.00128853
 1978     0.00128456
 1979      0.0012806
 1980     0.00127665
 1981     0.00127271
 1982     0.00126879
 1983     0.00126488
 1984     0.00126098
 1985     0.00125709
 1986     0.00125322
 1987     0.00124935
 1988      0.0012455
 1989     0.00124166
 1990     0.00123783
 1991     0.00123402
 1992     0.00123021
 1993     0.00122642
 1994     0.00122264
 1995     0.00121887
 1996     0.00121511
 1997     0.00121137
 1998     0.00120763
 1999     0.00120391
 2000      0.0012002
 2001      0.0011965
 2002     0.00119281
 2003     0.00118914
 2004     0.00118547
 2005     0.00118182
 2006     0.00117817
 2007     0.00117454
 2008     0.00117092
 2009     0.00116731
 2010     0.00116371
 2011     0.00116012
 2012     0.00115655
 2013     0.00115298
 2014     0.00114943
 2015     0.00114589
 2016     0.00114235
 2017     0.00113883
 2018     0.00113532
 2019     0.00113182
 2020     0.00112833
 2021     0.00112485
 2022     0.00112139
 2023     0.00111793
 2024     0.00111448
 2025     0.00111105
 2026     0.00110762
 2027     0.00110421
 2028      0.0011008
 2029     0.00109741
 2030     0.00109403
 2031     0.00109066
 2032     0.00108729
 2033     0.00108394
 2034      0.0010806
 2035     0.00107727
 2036     0.00107395
 2037     0.00107064
 2038     0.00106734
 2039     0.00106405
 2040     0.00106077
 2041      0.0010575
 2042     0.00105424
 2043     0.00105099
 2044     0.00104775
 2045     0.00104452
 2046      0.0010413
 2047     0.00103809
 2048     0.00103489
 2049      0.0010317
 2050     0.00102852
 2051     0.00102535
 2052     0.00102219
 2053     0.00101903
 2054     0.00101589
 2055     0.00101276
 2056     0.00100964
 2057     0.00100653
 2058     0.00100342
 2059     0.00100033
 2060    0.000997247
 2061    0.000994173
 2062    0.000991108
 2063    0.000988053
 2064    0.000985007
 2065    0.000981971
 2066    0.000978944
 2067    0.000975926
 2068    0.000972917
 2069    0.000969918
 2070    0.000966928
 2071    0.000963948
 2072    0.000960976
 2073    0.000958014
 2074     0.00095506
 2075    0.000952116
 2076    0.000949181
 2077    0.000946255
 2078    0.000943338
 2079     0.00094043
 2080    0.000937531
 2081    0.000934641
 2082     0.00093176
 2083    0.000928888
 2084    0.000926024
 2085     0.00092317
 2086    0.000920324
 2087    0.000917487
 2088    0.000914658
 2089    0.000911839
 2090    0.000909028
 2091    0.000906226
 2092    0.000903432
 2093    0.000900647
 2094    0.000897871
 2095    0.000895103
 2096    0.000892344
 2097    0.000889593
 2098     0.00088685
 2099    0.000884117
 2100    0.000881391
 2101    0.000878674
 2102    0.000875965
 2103    0.000873265
 2104    0.000870573
 2105    0.000867889
 2106    0.000865214
 2107    0.000862547
 2108    0.000859888
 2109    0.000857237
 2110    0.000854595
 2111     0.00085196
 2112    0.000849334
 2113    0.000846716
 2114    0.000844106
 2115    0.000841503
 2116    0.000838909
 2117    0.000836323
 2118    0.000833745
 2119    0.000831175
 2120    0.000828613
 2121    0.000826058
 2122    0.000823512
 2123    0.000820973
 2124    0.000818443
 2125     0.00081592
 2126    0.000813404
 2127    0.000810897
 2128    0.000808397
 2129    0.000805905
 2130    0.000803421
 2131    0.000800944
 2132    0.000798475
 2133    0.000796014
 2134     0.00079356
 2135    0.000791114
 2136    0.000788675
 2137    0.000786244
 2138     0.00078382
 2139    0.000781404
 2140    0.000778995
 2141    0.000776593
 2142    0.000774199
 2143    0.000771813
 2144    0.000769434
 2145    0.000767062
 2146    0.000764697
 2147     0.00076234
 2148     0.00075999
 2149    0.000757647
 2150    0.000755311
 2151    0.000752983
 2152    0.000750662
 2153    0.000748348
 2154    0.000746041
 2155    0.000743741
 2156    0.000741448
 2157    0.000739163
 2158    0.000736884
 2159    0.000734613
 2160    0.000732348
 2161     0.00073009
 2162     0.00072784
 2163    0.000725596
 2164    0.000723359
 2165    0.000721129
 2166    0.000718906
 2167     0.00071669
 2168    0.000714481
 2169    0.000712279
 2170    0.000710083
 2171    0.000707894
 2172    0.000705712
 2173    0.000703536
 2174    0.000701367
 2175    0.000699205
 2176     0.00069705
 2177    0.000694901
 2178    0.000692759
 2179    0.000690623
 2180    0.000688494
 2181    0.000686372
 2182    0.000684256
 2183    0.000682147
 2184    0.000680044
 2185    0.000677948
 2186    0.000675858
 2187    0.000673774
 2188    0.000671697
 2189    0.000669627
 2190    0.000667563
 2191    0.000665505
 2192    0.000663453
 2193    0.000661408
 2194    0.000659369
 2195    0.000657336
 2196     0.00065531
 2197     0.00065329
 2198    0.000651276
 2199    0.000649268
 2200    0.000647267
 2201    0.000645272
 2202    0.000643282
 2203    0.000641299
 2204    0.000639323
 2205    0.000637352
 2206    0.000635387
 2207    0.000633428
 2208    0.000631476
 2209    0.000629529
 2210    0.000627588
 2211    0.000625654
 2212    0.000623725
 2213    0.000621802
 2214    0.000619885
 2215    0.000617975
 2216     0.00061607
 2217     0.00061417
 2218    0.000612277
 2219     0.00061039
 2220    0.000608508
 2221    0.000606632
 2222    0.000604762
 2223    0.000602898
 2224    0.000601039
 2225    0.000599187
 2226     0.00059734
 2227    0.000595498
 2228    0.000593662
 2229    0.000591832
 2230    0.000590008
 2231    0.000588189
 2232    0.000586376
 2233    0.000584568
 2234    0.000582766
 2235     0.00058097
 2236    0.000579179
 2237    0.000577393
 2238    0.000575614
 2239    0.000573839
 2240     0.00057207
 2241    0.000570307
 2242    0.000568549
 2243    0.000566796
 2244    0.000565049
 2245    0.000563307
 2246     0.00056157
 2247    0.000559839
 2248    0.000558113
 2249    0.000556393
 2250    0.000554678
 2251    0.000552968
 2252    0.000551263
 2253    0.000549564
 2254     0.00054787
 2255    0.000546181
 2256    0.000544497
 2257    0.000542819
 2258    0.000541145
 2259    0.000539477
 2260    0.000537814
 2261    0.000536156
 2262    0.000534503
 2263    0.000532856
 2264    0.000531213
 2265    0.000529576
 2266    0.000527943
 2267    0.000526316
 2268    0.000524693
 2269    0.000523076
 2270    0.000521463
 2271    0.000519856
 2272    0.000518253
 2273    0.000516656
 2274    0.000515063
 2275    0.000513475
 2276    0.000511892
 2277    0.000510314
 2278    0.000508741
 2279    0.000507173
 2280    0.000505609
 2281    0.000504051
 2282    0.000502497
 2283    0.000500948
 2284    0.000499404
 2285    0.000497864
 2286    0.000496329
 2287    0.000494799
 2288    0.000493274
 2289    0.000491754
 2290    0.000490238
 2291    0.000488726
 2292     0.00048722
 2293    0.000485718
 2294    0.000484221
 2295    0.000482728
 2296     0.00048124
 2297    0.000479756
 2298    0.000478277
 2299    0.000476803
 2300    0.000475333
 2301    0.000473868
 2302    0.000472407
 2303    0.000470951
 2304    0.000469499
 2305    0.000468052
 2306    0.000466609
 2307    0.000465171
 2308    0.000463737
 2309    0.000462307
 2310    0.000460882
 2311    0.000459461
 2312    0.000458045
 2313    0.000456633
 2314    0.000455225
 2315    0.000453822
 2316    0.000452423
 2317    0.000451028
 2318    0.000449638
 2319    0.000448252
 2320     0.00044687
 2321    0.000445492
 2322    0.000444119
 2323     0.00044275
 2324    0.000441385
 2325    0.000440024
 2326    0.000438668
 2327    0.000437316
 2328    0.000435968
 2329    0.000434624
 2330    0.000433284
 2331    0.000431948
 2332    0.000430617
 2333    0.000429289
 2334    0.000427966
 2335    0.000426647
 2336    0.000425331
 2337     0.00042402
 2338    0.000422713
 2339     0.00042141
 2340    0.000420111
 2341    0.000418816
 2342    0.000417525
 2343    0.000416238
 2344    0.000414955
 2345    0.000413675
 2346      0.0004124
 2347    0.000411129
 2348    0.000409862
 2349    0.000408598
 2350    0.000407339
 2351    0.000406083
 2352    0.000404831
 2353    0.000403583
 2354    0.000402339
 2355    0.000401099
 2356    0.000399862
 2357     0.00039863
 2358    0.000397401
 2359    0.000396176
 2360    0.000394954
 2361    0.000393737
 2362    0.000392523
 2363    0.000391313
 2364    0.000390107
 2365    0.000388904
 2366    0.000387705
 2367     0.00038651
 2368    0.000385319
 2369    0.000384131
 2370    0.000382947
 2371    0.000381766
 2372    0.000380589
 2373    0.000379416
 2374    0.000378247
 2375    0.000377081
 2376    0.000375918
 2377    0.000374759
 2378    0.000373604
 2379    0.000372452
 2380    0.000371304
 2381     0.00037016
 2382    0.000369019
 2383    0.000367881
 2384    0.000366747
 2385    0.000365616
 2386    0.000364489
 2387    0.000363366
 2388    0.000362246
 2389    0.000361129
 2390    0.000360016
 2391    0.000358906
 2392    0.000357799
 2393    0.000356696
 2394    0.000355597
 2395    0.000354501
 2396    0.000353408
 2397    0.000352318
 2398    0.000351232
 2399     0.00035015
 2400     0.00034907
 2401    0.000347994
 2402    0.000346921
 2403    0.000345852
 2404    0.000344786
 2405    0.000343723
 2406    0.000342663
 2407    0.000341607
 2408    0.000340554
 2409    0.000339504
 2410    0.000338458
 2411    0.000337414
 2412    0.000336374
 2413    0.000335337
 2414    0.000334304
 2415    0.000333273
 2416    0.000332246
 2417    0.000331221
 2418      0.0003302
 2419    0.000329182
 2420    0.000328168
 2421    0.000327156
 2422    0.000326148
 2423    0.000325142
 2424     0.00032414
 2425    0.000323141
 2426    0.000322144
 2427    0.000321151
 2428    0.000320161
 2429    0.000319174
 2430    0.000318191
 2431     0.00031721
 2432    0.000316232
 2433    0.000315257
 2434    0.000314285
 2435    0.000313316
 2436     0.00031235
 2437    0.000311388
 2438    0.000310428
 2439    0.000309471
 2440    0.000308517
 2441    0.000307566
 2442    0.000306618
 2443    0.000305672
 2444     0.00030473
 2445    0.000303791
 2446    0.000302854
 2447    0.000301921
 2448     0.00030099
 2449    0.000300062
 2450    0.000299137
 2451    0.000298215
 2452    0.000297296
 2453    0.000296379
 2454    0.000295466
 2455    0.000294555
 2456    0.000293647
 2457    0.000292741
 2458    0.000291839
 2459    0.000290939
 2460    0.000290043
 2461    0.000289148
 2462    0.000288257
 2463    0.000287368
 2464    0.000286483
 2465    0.000285599
 2466    0.000284719
 2467    0.000283841
 2468    0.000282966
 2469    0.000282094
 2470    0.000281225
 2471    0.000280358
 2472    0.000279493
 2473    0.000278632
 2474    0.000277773
 2475    0.000276917
 2476    0.000276063
 2477    0.000275212
 2478    0.000274364
 2479    0.000273518
 2480    0.000272675
 2481    0.000271834
 2482    0.000270996
 2483    0.000270161
 2484    0.000269328
 2485    0.000268498
 2486     0.00026767
 2487    0.000266845
 2488    0.000266022
 2489    0.000265202
 2490    0.000264385
 2491     0.00026357
 2492    0.000262757
 2493    0.000261947
 2494     0.00026114
 2495    0.000260335
 2496    0.000259532
 2497    0.000258732
 2498    0.000257934
 2499    0.000257139
 2500    0.000256347
 2501    0.000255556
 2502    0.000254769
 2503    0.000253983
 2504      0.0002532
 2505     0.00025242
 2506    0.000251642
 2507    0.000250866
 2508    0.000250093
 2509    0.000249322
 2510    0.000248553
 2511    0.000247787
 2512    0.000247023
 2513    0.000246261
 2514    0.000245502
 2515    0.000244746
 2516    0.000243991
 2517    0.000243239
 2518    0.000242489
 2519    0.000241742
 2520    0.000240996
 2521    0.000240253
 2522    0.000239513
 2523    0.000238775
 2524    0.000238038
 2525    0.000237305
 2526    0.000236573
 2527    0.000235844
 2528    0.000235117
 2529    0.000234392
 2530    0.000233669
 2531    0.000232949
 2532    0.000232231
 2533    0.000231515
 2534    0.000230801
 2535     0.00023009
 2536    0.000229381
 2537    0.000228674
 2538    0.000227969
 2539    0.000227266
 2540    0.000226565
 2541    0.000225867
 2542    0.000225171
 2543    0.000224477
 2544    0.000223785
 2545    0.000223095
 2546    0.000222407
 2547    0.000221721
 2548    0.000221038
 2549    0.000220356
 2550    0.000219677
 2551       0.000219
 2552    0.000218325
 2553    0.000217652
 2554    0.000216981
 2555    0.000216312
 2556    0.000215645
 2557     0.00021498
 2558    0.000214318
 2559    0.000213657
 2560    0.000212998
 2561    0.000212342
 2562    0.000211687
 2563    0.000211035
 2564    0.000210384
 2565    0.000209736
 2566    0.000209089
 2567    0.000208445
 2568    0.000207802
 2569    0.000207161
 2570    0.000206523
 2571    0.000205886
 2572    0.000205251
 2573    0.000204619
 2574    0.000203988
 2575    0.000203359
 2576    0.000202732
 2577    0.000202107
 2578    0.000201484
 2579    0.000200863
 2580    0.000200244
 2581    0.000199627
 2582    0.000199011
 2583    0.000198398
 2584    0.000197786
 2585    0.000197176
 2586    0.000196569
 2587    0.000195963
 2588    0.000195359
 2589    0.000194756
 2590    0.000194156
 2591    0.000193557
 2592    0.000192961
 2593    0.000192366
 2594    0.000191773
 2595    0.000191182
 2596    0.000190592
 2597    0.000190005
 2598    0.000189419
 2599    0.000188835
 2600    0.000188253
 2601    0.000187673
 2602    0.000187094
 2603    0.000186518
 2604    0.000185943
 2605    0.000185369
 2606    0.000184798
 2607    0.000184228
 2608     0.00018366
 2609    0.000183094
 2610     0.00018253
 2611    0.000181967
 2612    0.000181406
 2613    0.000180847
 2614    0.000180289
 2615    0.000179734
 2616     0.00017918
 2617    0.000178627
 2618    0.000178077
 2619    0.000177528
 2620     0.00017698
 2621    0.000176435
 2622    0.000175891
 2623    0.000175349
 2624    0.000174808
 2625    0.000174269
 2626    0.000173732
 2627    0.000173197
 2628    0.000172663
 2629     0.00017213
 2630      0.0001716
 2631    0.000171071
 2632    0.000170543
 2633    0.000170018
 2634    0.000169494
 2635    0.000168971
 2636     0.00016845
 2637    0.000167931
 2638    0.000167413
 2639    0.000166897
 2640    0.000166383
 2641     0.00016587
 2642    0.000165358
 2643    0.000164849
 2644    0.000164341
 2645    0.000163834
 2646    0.000163329
 2647    0.000162825
 2648    0.000162323
 2649    0.000161823
 2650    0.000161324
 2651    0.000160827
 2652    0.000160331
 2653    0.000159837
 2654    0.000159344
 2655    0.000158853
 2656    0.000158363
 2657    0.000157875
 2658    0.000157388
 2659    0.000156903
 2660     0.00015642
 2661    0.000155937
 2662    0.000155457
 2663    0.000154977
 2664      0.0001545
 2665    0.000154023
 2666    0.000153549
 2667    0.000153075
 2668    0.000152603
 2669    0.000152133
 2670    0.000151664
 2671    0.000151197
 2672     0.00015073
 2673    0.000150266
 2674    0.000149803
 2675    0.000149341
 2676     0.00014888
 2677    0.000148421
 2678    0.000147964
 2679    0.000147508
 2680    0.000147053
 2681      0.0001466
 2682    0.000146148
 2683    0.000145697
 2684    0.000145248
 2685      0.0001448
 2686    0.000144354
 2687    0.000143909
 2688    0.000143465
 2689    0.000143023
 2690    0.000142582
 2691    0.000142143
 2692    0.000141705
 2693    0.000141268
 2694    0.000140832
 2695    0.000140398
 2696    0.000139965
 2697    0.000139534
 2698    0.000139104
 2699    0.000138675
 2700    0.000138247
 2701    0.000137821
 2702    0.000137396
 2703    0.000136973
 2704    0.000136551
 2705     0.00013613
 2706     0.00013571
 2707    0.000135292
 2708    0.000134875
 2709    0.000134459
 2710    0.000134044
 2711    0.000133631
 2712    0.000133219
 2713    0.000132809
 2714    0.000132399
 2715    0.000131991
 2716    0.000131584
 2717    0.000131178
 2718    0.000130774
 2719    0.000130371
 2720    0.000129969
 2721    0.000129568
 2722    0.000129169
 2723    0.000128771
 2724    0.000128374
 2725    0.000127978
 2726    0.000127584
 2727     0.00012719
 2728    0.000126798
 2729    0.000126407
 2730    0.000126018
 2731    0.000125629
 2732    0.000125242
 2733    0.000124856
 2734    0.000124471
 2735    0.000124087
 2736    0.000123705
 2737    0.000123323
 2738    0.000122943
 2739    0.000122564
 2740    0.000122186
 2741     0.00012181
 2742    0.000121434
 2743     0.00012106
 2744    0.000120687
 2745    0.000120315
 2746    0.000119944
 2747    0.000119574
 2748    0.000119205
 2749    0.000118838
 2750    0.000118472
 2751    0.000118106
 2752    0.000117742
 2753    0.000117379
 2754    0.000117018
 2755    0.000116657
 2756    0.000116297
 2757    0.000115939
 2758    0.000115581
 2759    0.000115225
 2760     0.00011487
 2761    0.000114516
 2762    0.000114163
 2763    0.000113811
 2764     0.00011346
 2765     0.00011311
 2766    0.000112761
 2767    0.000112414
 2768    0.000112067
 2769    0.000111722
 2770    0.000111377
 2771    0.000111034
 2772    0.000110692
 2773    0.000110351
 2774     0.00011001
 2775    0.000109671
 2776    0.000109333
 2777    0.000108996
 2778     0.00010866
 2779    0.000108325
 2780    0.000107991
 2781    0.000107658
 2782    0.000107327
 2783    0.000106996
 2784    0.000106666
 2785    0.000106337
 2786    0.000106009
 2787    0.000105682
 2788    0.000105357
 2789    0.000105032
 2790    0.000104708
 2791    0.000104385
 2792    0.000104064
 2793    0.000103743
 2794    0.000103423
 2795    0.000103104
 2796    0.000102786
 2797    0.000102469
 2798    0.000102154
 2799    0.000101839
 2800    0.000101525
 2801    0.000101212
 2802      0.0001009
 2803    0.000100589
 2804    0.000100279
 2805    9.99695e-05
 2806    9.96613e-05
 2807    9.93541e-05
 2808    9.90478e-05
 2809    9.87425e-05
 2810    9.84381e-05
 2811    9.81347e-05
 2812    9.78321e-05
 2813    9.75306e-05
 2814    9.72299e-05
 2815    9.69302e-05
 2816    9.66314e-05
 2817    9.63335e-05
 2818    9.60365e-05
 2819    9.57405e-05
 2820    9.54453e-05
 2821    9.51511e-05
 2822    9.48578e-05
 2823    9.45654e-05
 2824    9.42739e-05
 2825    9.39833e-05
 2826    9.36935e-05
 2827    9.34047e-05
 2828    9.31168e-05
 2829    9.28297e-05
 2830    9.25436e-05
 2831    9.22583e-05
 2832    9.19739e-05
 2833    9.16904e-05
 2834    9.14077e-05
 2835    9.11259e-05
 2836     9.0845e-05
 2837     9.0565e-05
 2838    9.02858e-05
 2839    9.00075e-05
 2840      8.973e-05
 2841    8.94534e-05
 2842    8.91776e-05
 2843    8.89027e-05
 2844    8.86287e-05
 2845    8.83555e-05
 2846    8.80831e-05
 2847    8.78116e-05
 2848    8.75409e-05
 2849     8.7271e-05
 2850     8.7002e-05
 2851    8.67338e-05
 2852    8.64664e-05
 2853    8.61999e-05
 2854    8.59341e-05
 2855    8.56692e-05
 2856    8.54051e-05
 2857    8.51419e-05
 2858    8.48794e-05
 2859    8.46177e-05
 2860    8.43569e-05
 2861    8.40969e-05
 2862    8.38376e-05
 2863    8.35792e-05
 2864    8.33215e-05
 2865    8.30647e-05
 2866    8.28086e-05
 2867    8.25533e-05
 2868    8.22989e-05
 2869    8.20452e-05
 2870    8.17922e-05
 2871    8.15401e-05
 2872    8.12887e-05
 2873    8.10382e-05
 2874    8.07883e-05
 2875    8.05393e-05
 2876     8.0291e-05
 2877    8.00435e-05
 2878    7.97968e-05
 2879    7.95508e-05
 2880    7.93055e-05
 2881    7.90611e-05
 2882    7.88174e-05
 2883    7.85744e-05
 2884    7.83322e-05
 2885    7.80907e-05
 2886      7.785e-05
 2887      7.761e-05
 2888    7.73707e-05
 2889    7.71322e-05
 2890    7.68945e-05
 2891    7.66574e-05
 2892    7.64211e-05
 2893    7.61855e-05
 2894    7.59507e-05
 2895    7.57165e-05
 2896    7.54831e-05
 2897    7.52504e-05
 2898    7.50185e-05
 2899    7.47872e-05
 2900    7.45567e-05
 2901    7.43268e-05
 2902    7.40977e-05
 2903    7.38693e-05
 2904    7.36416e-05
 2905    7.34146e-05
 2906    7.31883e-05
 2907    7.29626e-05
 2908    7.27377e-05
 2909    7.25135e-05
 2910      7.229e-05
 2911    7.20671e-05
 2912     7.1845e-05
 2913    7.16235e-05
 2914    7.14027e-05
 2915    7.11826e-05
 2916    7.09631e-05
 2917    7.07444e-05
 2918    7.05263e-05
 2919    7.03089e-05
 2920    7.00922e-05
 2921    6.98761e-05
 2922    6.96607e-05
 2923    6.94459e-05
 2924    6.92319e-05
 2925    6.90184e-05
 2926    6.88057e-05
 2927    6.85936e-05
 2928    6.83821e-05
 2929    6.81713e-05
 2930    6.79612e-05
 2931    6.77517e-05
 2932    6.75428e-05
 2933    6.73346e-05
 2934     6.7127e-05
 2935    6.69201e-05
 2936    6.67138e-05
 2937    6.65082e-05
 2938    6.63031e-05
 2939    6.60988e-05
 2940     6.5895e-05
 2941    6.56919e-05
 2942    6.54894e-05
 2943    6.52875e-05
 2944    6.50862e-05
 2945    6.48856e-05
 2946    6.46856e-05
 2947    6.44861e-05
 2948    6.42874e-05
 2949    6.40892e-05
 2950    6.38916e-05
 2951    6.36947e-05
 2952    6.34983e-05
 2953    6.33026e-05
 2954    6.31074e-05
 2955    6.29129e-05
 2956    6.27189e-05
 2957    6.25256e-05
 2958    6.23329e-05
 2959    6.21407e-05
 2960    6.19491e-05
 2961    6.17582e-05
 2962    6.15678e-05
 2963     6.1378e-05
 2964    6.11888e-05
 2965    6.10002e-05
 2966    6.08121e-05
 2967    6.06247e-05
 2968    6.04378e-05
 2969    6.02515e-05
 2970    6.00657e-05
 2971    5.98806e-05
 2972     5.9696e-05
 2973     5.9512e-05
 2974    5.93285e-05
 2975    5.91456e-05
 2976    5.89633e-05
 2977    5.87815e-05
 2978    5.86003e-05
 2979    5.84197e-05
 2980    5.82396e-05
 2981    5.80601e-05
 2982    5.78811e-05
 2983    5.77026e-05
 2984    5.75248e-05
 2985    5.73474e-05
 2986    5.71707e-05
 2987    5.69944e-05
 2988    5.68187e-05
 2989    5.66436e-05
 2990     5.6469e-05
 2991    5.62949e-05
 2992    5.61213e-05
 2993    5.59483e-05
 2994    5.57759e-05
 2995    5.56039e-05
 2996    5.54325e-05
 2997    5.52616e-05
 2998    5.50913e-05
 2999    5.49215e-05
 3000    5.47522e-05
 3001    5.45834e-05
 3002    5.44151e-05
 3003    5.42474e-05
 3004    5.40801e-05
 3005    5.39134e-05
 3006    5.37472e-05
 3007    5.35815e-05
 3008    5.34164e-05
 3009    5.32517e-05
 3010    5.30876e-05
 3011    5.29239e-05
 3012    5.27608e-05
 3013    5.25981e-05
 3014     5.2436e-05
 3015    5.22743e-05
 3016    5.21132e-05
 3017    5.19525e-05
 3018    5.17924e-05
 3019    5.16327e-05
 3020    5.14736e-05
 3021    5.13149e-05
 3022    5.11567e-05
 3023     5.0999e-05
 3024    5.08418e-05
 3025    5.06851e-05
 3026    5.05288e-05
 3027     5.0373e-05
 3028    5.02178e-05
 3029     5.0063e-05
 3030    4.99086e-05
 3031    4.97548e-05
 3032    4.96014e-05
 3033    4.94485e-05
 3034    4.92961e-05
 3035    4.91441e-05
 3036    4.89926e-05
 3037    4.88416e-05
 3038     4.8691e-05
 3039    4.85409e-05
 3040    4.83913e-05
 3041    4.82421e-05
 3042    4.80934e-05
 3043    4.79451e-05
 3044    4.77973e-05
 3045      4.765e-05
 3046    4.75031e-05
 3047    4.73567e-05
 3048    4.72107e-05
 3049    4.70652e-05
 3050    4.69201e-05
 3051    4.67754e-05
 3052    4.66312e-05
 3053    4.64875e-05
 3054    4.63442e-05
 3055    4.62013e-05
 3056    4.60589e-05
 3057    4.59169e-05
 3058    4.57754e-05
 3059    4.56343e-05
 3060    4.54936e-05
 3061    4.53533e-05
 3062    4.52135e-05
 3063    4.50741e-05
 3064    4.49352e-05
 3065    4.47967e-05
 3066    4.46586e-05
 3067    4.45209e-05
 3068    4.43837e-05
 3069    4.42469e-05
 3070    4.41105e-05
 3071    4.39745e-05
 3072    4.38389e-05
 3073    4.37038e-05
 3074    4.35691e-05
 3075    4.34347e-05
 3076    4.33009e-05
 3077    4.31674e-05
 3078    4.30343e-05
 3079    4.29016e-05
 3080    4.27694e-05
 3081    4.26375e-05
 3082    4.25061e-05
 3083    4.23751e-05
 3084    4.22444e-05
 3085    4.21142e-05
 3086    4.19844e-05
 3087     4.1855e-05
 3088    4.17259e-05
 3089    4.15973e-05
 3090    4.14691e-05
 3091    4.13413e-05
 3092    4.12138e-05
 3093    4.10868e-05
 3094    4.09601e-05
 3095    4.08338e-05
 3096     4.0708e-05
 3097    4.05825e-05
 3098    4.04574e-05
 3099    4.03327e-05
 3100    4.02083e-05
 3101    4.00844e-05
 3102    3.99608e-05
 3103    3.98376e-05
 3104    3.97148e-05
 3105    3.95924e-05
 3106    3.94703e-05
 3107    3.93487e-05
 3108    3.92274e-05
 3109    3.91064e-05
 3110    3.89859e-05
 3111    3.88657e-05
 3112    3.87459e-05
 3113    3.86265e-05
 3114    3.85074e-05
 3115    3.83887e-05
 3116    3.82703e-05
 3117    3.81524e-05
 3118    3.80348e-05
 3119    3.79175e-05
 3120    3.78006e-05
 3121    3.76841e-05
 3122    3.75679e-05
 3123    3.74521e-05
 3124    3.73367e-05
 3125    3.72216e-05
 3126    3.71068e-05
 3127    3.69924e-05
 3128    3.68784e-05
 3129    3.67647e-05
 3130    3.66514e-05
 3131    3.65384e-05
 3132    3.64258e-05
 3133    3.63135e-05
 3134    3.62015e-05
 3135    3.60899e-05
 3136    3.59787e-05
 3137    3.58678e-05
 3138    3.57572e-05
 3139     3.5647e-05
 3140    3.55371e-05
 3141    3.54275e-05
 3142    3.53183e-05
 3143    3.52095e-05
 3144    3.51009e-05
 3145    3.49927e-05
 3146    3.48848e-05
 3147    3.47773e-05
 3148    3.46701e-05
 3149    3.45632e-05
 3150    3.44567e-05
 3151    3.43505e-05
 3152    3.42446e-05
 3153     3.4139e-05
 3154    3.40338e-05
 3155    3.39288e-05
 3156    3.38243e-05
 3157      3.372e-05
 3158     3.3616e-05
 3159    3.35124e-05
 3160    3.34091e-05
 3161    3.33061e-05
 3162    3.32034e-05
 3163    3.31011e-05
 3164     3.2999e-05
 3165    3.28973e-05
 3166    3.27959e-05
 3167    3.26948e-05
 3168     3.2594e-05
 3169    3.24935e-05
 3170    3.23934e-05
 3171    3.22935e-05
 3172     3.2194e-05
 3173    3.20947e-05
 3174    3.19958e-05
 3175    3.18972e-05
 3176    3.17988e-05
 3177    3.17008e-05
 3178    3.16031e-05
 3179    3.15057e-05
 3180    3.14085e-05
 3181    3.13117e-05
 3182    3.12152e-05
 3183     3.1119e-05
 3184     3.1023e-05
 3185    3.09274e-05
 3186    3.08321e-05
 3187     3.0737e-05
 3188    3.06423e-05
 3189    3.05478e-05
 3190    3.04536e-05
 3191    3.03598e-05
 3192    3.02662e-05
 3193    3.01729e-05
 3194    3.00799e-05
 3195    2.99871e-05
 3196    2.98947e-05
 3197    2.98025e-05
 3198    2.97107e-05
 3199    2.96191e-05
 3200    2.95278e-05
 3201    2.94367e-05
 3202     2.9346e-05
 3203    2.92555e-05
 3204    2.91654e-05
 3205    2.90754e-05
 3206    2.89858e-05
 3207    2.88965e-05
 3208    2.88074e-05
 3209    2.87186e-05
 3210    2.86301e-05
 3211    2.85418e-05
 3212    2.84538e-05
 3213    2.83661e-05
 3214    2.82787e-05
 3215    2.81915e-05
 3216    2.81046e-05
 3217    2.80179e-05
 3218    2.79316e-05
 3219    2.78455e-05
 3220    2.77596e-05
 3221    2.76741e-05
 3222    2.75887e-05
 3223    2.75037e-05
 3224    2.74189e-05
 3225    2.73344e-05
 3226    2.72501e-05
 3227    2.71661e-05
 3228    2.70824e-05
 3229    2.69989e-05
 3230    2.69157e-05
 3231    2.68327e-05
 3232      2.675e-05
 3233    2.66675e-05
 3234    2.65853e-05
 3235    2.65034e-05
 3236    2.64217e-05
 3237    2.63402e-05
 3238     2.6259e-05
 3239    2.61781e-05
 3240    2.60974e-05
 3241    2.60169e-05
 3242    2.59367e-05
 3243    2.58568e-05
 3244     2.5777e-05
 3245    2.56976e-05
 3246    2.56184e-05
 3247    2.55394e-05
 3248    2.54607e-05
 3249    2.53822e-05
 3250    2.53039e-05
 3251    2.52259e-05
 3252    2.51482e-05
 3253    2.50706e-05
 3254    2.49934e-05
 3255    2.49163e-05
 3256    2.48395e-05
 3257    2.47629e-05
 3258    2.46866e-05
 3259    2.46105e-05
 3260    2.45346e-05
 3261     2.4459e-05
 3262    2.43836e-05
 3263    2.43084e-05
 3264    2.42335e-05
 3265    2.41588e-05
 3266    2.40843e-05
 3267    2.40101e-05
 3268    2.39361e-05
 3269    2.38623e-05
 3270    2.37887e-05
 3271    2.37154e-05
 3272    2.36423e-05
 3273    2.35694e-05
 3274    2.34967e-05
 3275    2.34243e-05
 3276    2.33521e-05
 3277    2.32801e-05
 3278    2.32083e-05
 3279    2.31368e-05
 3280    2.30655e-05
 3281    2.29944e-05
 3282    2.29235e-05
 3283    2.28528e-05
 3284    2.27824e-05
 3285    2.27121e-05
 3286    2.26421e-05
 3287    2.25723e-05
 3288    2.25028e-05
 3289    2.24334e-05
 3290    2.23642e-05
 3291    2.22953e-05
 3292    2.22266e-05
 3293     2.2158e-05
 3294    2.20897e-05
 3295    2.20216e-05
 3296    2.19538e-05
 3297    2.18861e-05
 3298    2.18186e-05
 3299    2.17514e-05
 3300    2.16843e-05
 3301    2.16175e-05
 3302    2.15508e-05
 3303    2.14844e-05
 3304    2.14182e-05
 3305    2.13521e-05
 3306    2.12863e-05
 3307    2.12207e-05
 3308    2.11553e-05
 3309    2.10901e-05
 3310     2.1025e-05
 3311    2.09602e-05
 3312    2.08956e-05
 3313    2.08312e-05
 3314     2.0767e-05
 3315     2.0703e-05
 3316    2.06391e-05
 3317    2.05755e-05
 3318    2.05121e-05
 3319    2.04489e-05
 3320    2.03858e-05
 3321     2.0323e-05
 3322    2.02603e-05
 3323    2.01979e-05
 3324    2.01356e-05
 3325    2.00735e-05
 3326    2.00117e-05
 3327      1.995e-05
 3328    1.98885e-05
 3329    1.98272e-05
 3330     1.9766e-05
 3331    1.97051e-05
 3332    1.96444e-05
 3333    1.95838e-05
 3334    1.95234e-05
 3335    1.94633e-05
 3336    1.94033e-05
 3337    1.93434e-05
 3338    1.92838e-05
 3339    1.92244e-05
 3340    1.91651e-05
 3341     1.9106e-05
 3342    1.90471e-05
 3343    1.89884e-05
 3344    1.89299e-05
 3345    1.88715e-05
 3346    1.88134e-05
 3347    1.87554e-05
 3348    1.86975e-05
 3349    1.86399e-05
 3350    1.85824e-05
 3351    1.85252e-05
 3352    1.84681e-05
 3353    1.84111e-05
 3354    1.83544e-05
 3355    1.82978e-05
 3356    1.82414e-05
 3357    1.81851e-05
 3358    1.81291e-05
 3359    1.80732e-05
 3360    1.80175e-05
 3361    1.79619e-05
 3362    1.79066e-05
 3363    1.78514e-05
 3364    1.77963e-05
 3365    1.77415e-05
 3366    1.76868e-05
 3367    1.76323e-05
 3368    1.75779e-05
 3369    1.75237e-05
 3370    1.74697e-05
 3371    1.74159e-05
 3372    1.73622e-05
 3373    1.73086e-05
 3374    1.72553e-05
 3375    1.72021e-05
 3376    1.71491e-05
 3377    1.70962e-05
 3378    1.70435e-05
 3379     1.6991e-05
 3380    1.69386e-05
 3381    1.68864e-05
 3382    1.68343e-05
 3383    1.67824e-05
 3384    1.67307e-05
 3385    1.66791e-05
 3386    1.66277e-05
 3387    1.65764e-05
 3388    1.65253e-05
 3389    1.64744e-05
 3390    1.64236e-05
 3391     1.6373e-05
 3392    1.63225e-05
 3393    1.62722e-05
 3394     1.6222e-05
 3395     1.6172e-05
 3396    1.61222e-05
 3397    1.60725e-05
 3398    1.60229e-05
 3399    1.59735e-05
 3400    1.59243e-05
 3401    1.58752e-05
 3402    1.58263e-05
 3403    1.57775e-05
 3404    1.57288e-05
 3405    1.56804e-05
 3406     1.5632e-05
 3407    1.55838e-05
 3408    1.55358e-05
 3409    1.54879e-05
 3410    1.54402e-05
 3411    1.53926e-05
 3412    1.53451e-05
 3413    1.52978e-05
 3414    1.52506e-05
 3415    1.52036e-05
 3416    1.51568e-05
 3417      1.511e-05
 3418    1.50635e-05
 3419     1.5017e-05
 3420    1.49707e-05
 3421    1.49246e-05
 3422    1.48786e-05
 3423    1.48327e-05
 3424     1.4787e-05
 3425    1.47414e-05
 3426     1.4696e-05
 3427    1.46507e-05
 3428    1.46055e-05
 3429    1.45605e-05
 3430    1.45156e-05
 3431    1.44708e-05
 3432    1.44262e-05
 3433    1.43818e-05
 3434    1.43374e-05
 3435    1.42932e-05
 3436    1.42492e-05
 3437    1.42052e-05
 3438    1.41615e-05
 3439    1.41178e-05
 3440    1.40743e-05
 3441    1.40309e-05
 3442    1.39876e-05
 3443    1.39445e-05
 3444    1.39015e-05
 3445    1.38587e-05
 3446     1.3816e-05
 3447    1.37734e-05
 3448    1.37309e-05
 3449    1.36886e-05
 3450    1.36464e-05
 3451    1.36043e-05
 3452    1.35624e-05
 3453    1.35206e-05
 3454    1.34789e-05
 3455    1.34373e-05
 3456    1.33959e-05
 3457    1.33546e-05
 3458    1.33135e-05
 3459    1.32724e-05
 3460    1.32315e-05
 3461    1.31907e-05
 3462      1.315e-05
 3463    1.31095e-05
 3464    1.30691e-05
 3465    1.30288e-05
 3466    1.29886e-05
 3467    1.29486e-05
 3468    1.29087e-05
 3469    1.28689e-05
 3470    1.28292e-05
 3471    1.27897e-05
 3472    1.27503e-05
 3473    1.27109e-05
 3474    1.26718e-05
 3475    1.26327e-05
 3476    1.25938e-05
 3477    1.25549e-05
 3478    1.25162e-05
 3479    1.24776e-05
 3480    1.24392e-05
 3481    1.24008e-05
 3482    1.23626e-05
 3483    1.23245e-05
 3484    1.22865e-05
 3485    1.22486e-05
 3486    1.22109e-05
 3487    1.21732e-05
 3488    1.21357e-05
 3489    1.20983e-05
 3490     1.2061e-05
 3491    1.20238e-05
 3492    1.19868e-05
 3493    1.19498e-05
 3494     1.1913e-05
 3495    1.18762e-05
 3496    1.18396e-05
 3497    1.18031e-05
 3498    1.17668e-05
 3499    1.17305e-05
 3500    1.16943e-05
 3501    1.16583e-05
 3502    1.16223e-05
 3503    1.15865e-05
 3504    1.15508e-05
 3505    1.15152e-05
 3506    1.14797e-05
 3507    1.14443e-05
 3508     1.1409e-05
 3509    1.13738e-05
 3510    1.13388e-05
 3511    1.13038e-05
 3512     1.1269e-05
 3513    1.12342e-05
 3514    1.11996e-05
 3515    1.11651e-05
 3516    1.11307e-05
 3517    1.10964e-05
 3518    1.10621e-05
 3519     1.1028e-05
 3520    1.09941e-05
 3521    1.09602e-05
 3522    1.09264e-05
 3523    1.08927e-05
 3524    1.08591e-05
 3525    1.08256e-05
 3526    1.07923e-05
 3527     1.0759e-05
 3528    1.07258e-05
 3529    1.06928e-05
 3530    1.06598e-05
 3531    1.06269e-05
 3532    1.05942e-05
 3533    1.05615e-05
 3534     1.0529e-05
 3535    1.04965e-05
 3536    1.04642e-05
 3537    1.04319e-05
 3538    1.03997e-05
 3539    1.03677e-05
 3540    1.03357e-05
 3541    1.03039e-05
 3542    1.02721e-05
 3543    1.02404e-05
 3544    1.02089e-05
 3545    1.01774e-05
 3546     1.0146e-05
 3547    1.01147e-05
 3548    1.00836e-05
 3549    1.00525e-05
 3550    1.00215e-05
 3551     9.9906e-06
