    1        28.0569
    2         13.944
    3        9.80269
    4         7.7059
    5         6.4115
    6        5.52224
    7        4.86859
    8        4.36512
    9        3.96376
   10        3.63557
   11        3.36224
   12        3.13164
   13        2.93531
   14        2.76704
   15        2.62208
   16        2.49666
   17        2.38767
   18        2.29254
   19         2.2091
   20         2.1355
   21        2.07022
   22        2.01193
   23        1.95953
   24         1.9121
   25        1.86885
   26        1.82915
   27        1.79244
   28        1.75828
   29         1.7263
   30        1.69617
   31        1.66765
   32        1.64052
   33         1.6146
   34        1.58973
   35         1.5658
   36         1.5427
   37        1.52034
   38        1.49865
   39        1.47756
   40        1.45703
   41          1.437
   42        1.41745
   43        1.39832
   44        1.37961
   45        1.36127
   46        1.34329
   47        1.32566
   48        1.30834
   49        1.29133
   50        1.27462
   51        1.25818
   52        1.24202
   53        1.22611
   54        1.21046
   55        1.19505
   56        1.17987
   57        1.16492
   58        1.15019
   59        1.13568
   60        1.12137
   61        1.10727
   62        1.09337
   63        1.07967
   64        1.06615
   65        1.05282
   66        1.03967
   67         1.0267
   68         1.0139
   69        1.00127
   70       0.988813
   71       0.976518
   72       0.964385
   73       0.952411
   74       0.940593
   75       0.928928
   76       0.917414
   77       0.906048
   78       0.894828
   79       0.883752
   80       0.872817
   81       0.862021
   82       0.851363
   83       0.840839
   84       0.830449
   85        0.82019
   86        0.81006
   87       0.800057
   88        0.79018
   89       0.780427
   90       0.770796
   91       0.761286
   92       0.751894
   93        0.74262
   94       0.733461
   95       0.724416
   96       0.715484
   97       0.706663
   98       0.697952
   99       0.689348
  100       0.680852
  101       0.672461
  102       0.664174
  103        0.65599
  104       0.647907
  105       0.639924
  106        0.63204
  107       0.624254
  108       0.616563
  109       0.608968
  110       0.601467
  111       0.594058
  112       0.586741
  113       0.579514
  114       0.572377
  115       0.565327
  116       0.558365
  117       0.551489
  118       0.544697
  119       0.537989
  120       0.531364
  121        0.52482
  122       0.518358
  123       0.511975
  124        0.50567
  125       0.499443
  126       0.493294
  127       0.487219
  128        0.48122
  129       0.475295
  130       0.469442
  131       0.463662
  132       0.457953
  133       0.452315
  134       0.446745
  135       0.441245
  136       0.435812
  137       0.430446
  138       0.425146
  139       0.419912
  140       0.414741
  141       0.409635
  142       0.404592
  143        0.39961
  144        0.39469
  145       0.389831
  146       0.385031
  147        0.38029
  148       0.375608
  149       0.370984
  150       0.366416
  151       0.361905
  152       0.357449
  153       0.353048
  154       0.348702
  155       0.344409
  156       0.340168
  157        0.33598
  158       0.331844
  159       0.327758
  160       0.323723
  161       0.319737
  162       0.315801
  163       0.311912
  164       0.308072
  165       0.304279
  166       0.300533
  167       0.296833
  168       0.293179
  169       0.289569
  170       0.286004
  171       0.282483
  172       0.279005
  173        0.27557
  174       0.272177
  175       0.268826
  176       0.265516
  177       0.262247
  178       0.259019
  179        0.25583
  180        0.25268
  181       0.249569
  182       0.246497
  183       0.243462
  184       0.240464
  185       0.237504
  186        0.23458
  187       0.231692
  188       0.228839
  189       0.226022
  190       0.223239
  191       0.220491
  192       0.217776
  193       0.215095
  194       0.212447
  195       0.209831
  196       0.207248
  197       0.204696
  198       0.202176
  199       0.199687
  200       0.197228
  201         0.1948
  202       0.192402
  203       0.190033
  204       0.187693
  205       0.185383
  206         0.1831
  207       0.180846
  208       0.178619
  209        0.17642
  210       0.174248
  211       0.172103
  212       0.169984
  213       0.167891
  214       0.165824
  215       0.163783
  216       0.161766
  217       0.159775
  218       0.157808
  219       0.155865
  220       0.153946
  221       0.152051
  222       0.150179
  223        0.14833
  224       0.146503
  225         0.1447
  226       0.142918
  227       0.141159
  228       0.139421
  229       0.137704
  230       0.136009
  231       0.134334
  232        0.13268
  233       0.131047
  234       0.129434
  235        0.12784
  236       0.126266
  237       0.124712
  238       0.123176
  239        0.12166
  240       0.120162
  241       0.118682
  242       0.117221
  243       0.115778
  244       0.114353
  245       0.112945
  246       0.111554
  247       0.110181
  248       0.108824
  249       0.107484
  250       0.106161
  251       0.104854
  252       0.103563
  253       0.102288
  254       0.101029
  255       0.099785
  256      0.0985565
  257      0.0973431
  258      0.0961447
  259       0.094961
  260      0.0937918
  261      0.0926371
  262      0.0914966
  263      0.0903701
  264      0.0892575
  265      0.0881586
  266      0.0870732
  267      0.0860012
  268      0.0849424
  269      0.0838966
  270      0.0828637
  271      0.0818435
  272      0.0808359
  273      0.0798407
  274      0.0788577
  275      0.0778868
  276      0.0769279
  277      0.0759808
  278      0.0750453
  279      0.0741214
  280      0.0732088
  281      0.0723075
  282      0.0714173
  283       0.070538
  284      0.0696696
  285      0.0688118
  286      0.0679647
  287      0.0671279
  288      0.0663014
  289      0.0654852
  290      0.0646789
  291      0.0638826
  292      0.0630961
  293      0.0623193
  294      0.0615521
  295      0.0607942
  296      0.0600458
  297      0.0593065
  298      0.0585763
  299      0.0578552
  300      0.0571429
  301      0.0564394
  302      0.0557445
  303      0.0550582
  304      0.0543803
  305      0.0537108
  306      0.0530495
  307      0.0523964
  308      0.0517513
  309      0.0511142
  310      0.0504849
  311      0.0498633
  312      0.0492494
  313      0.0486431
  314      0.0480442
  315      0.0474527
  316      0.0468685
  317      0.0462915
  318      0.0457215
  319      0.0451586
  320      0.0446026
  321      0.0440535
  322      0.0435111
  323      0.0429754
  324      0.0424463
  325      0.0419238
  326      0.0414076
  327      0.0408978
  328      0.0403943
  329       0.039897
  330      0.0394058
  331      0.0389206
  332      0.0384415
  333      0.0379682
  334      0.0375007
  335       0.037039
  336       0.036583
  337      0.0361326
  338      0.0356878
  339      0.0352484
  340      0.0348144
  341      0.0343858
  342      0.0339625
  343      0.0335443
  344      0.0331313
  345      0.0327234
  346      0.0323205
  347      0.0319226
  348      0.0315296
  349      0.0311414
  350       0.030758
  351      0.0303793
  352      0.0300053
  353      0.0296359
  354       0.029271
  355      0.0289107
  356      0.0285547
  357      0.0282032
  358      0.0278559
  359       0.027513
  360      0.0271743
  361      0.0268397
  362      0.0265093
  363      0.0261829
  364      0.0258605
  365      0.0255421
  366      0.0252277
  367      0.0249171
  368      0.0246103
  369      0.0243073
  370      0.0240081
  371      0.0237125
  372      0.0234205
  373      0.0231322
  374      0.0228474
  375      0.0225661
  376      0.0222883
  377      0.0220139
  378      0.0217428
  379      0.0214752
  380      0.0212108
  381      0.0209496
  382      0.0206917
  383      0.0204369
  384      0.0201853
  385      0.0199368
  386      0.0196914
  387      0.0194489
  388      0.0192095
  389       0.018973
  390      0.0187394
  391      0.0185087
  392      0.0182808
  393      0.0180557
  394      0.0178334
  395      0.0176139
  396       0.017397
  397      0.0171828
  398      0.0169713
  399      0.0167623
  400       0.016556
  401      0.0163521
  402      0.0161508
  403       0.015952
  404      0.0157556
  405      0.0155616
  406        0.01537
  407      0.0151808
  408      0.0149939
  409      0.0148093
  410       0.014627
  411      0.0144469
  412       0.014269
  413      0.0140933
  414      0.0139198
  415      0.0137484
  416      0.0135792
  417       0.013412
  418      0.0132469
  419      0.0130838
  420      0.0129227
  421      0.0127636
  422      0.0126065
  423      0.0124513
  424       0.012298
  425      0.0121466
  426       0.011997
  427      0.0118493
  428      0.0117034
  429      0.0115593
  430       0.011417
  431      0.0112765
  432      0.0111376
  433      0.0110005
  434      0.0108651
  435      0.0107313
  436      0.0105992
  437      0.0104687
  438      0.0103398
  439      0.0102125
  440      0.0100868
  441     0.00996258
  442     0.00983992
  443     0.00971878
  444     0.00959912
  445     0.00948094
  446     0.00936422
  447     0.00924893
  448     0.00913506
  449     0.00902259
  450     0.00891151
  451     0.00880179
  452     0.00869343
  453      0.0085864
  454     0.00848068
  455     0.00837627
  456     0.00827315
  457     0.00817129
  458     0.00807069
  459     0.00797132
  460     0.00787318
  461     0.00777625
  462     0.00768051
  463     0.00758595
  464     0.00749256
  465     0.00740031
  466      0.0073092
  467     0.00721921
  468     0.00713033
  469     0.00704255
  470     0.00695584
  471      0.0068702
  472     0.00678562
  473     0.00670208
  474     0.00661956
  475     0.00653807
  476     0.00645757
  477     0.00637807
  478     0.00629954
  479     0.00622199
  480     0.00614538
  481     0.00606972
  482     0.00599499
  483     0.00592119
  484     0.00584829
  485     0.00577628
  486     0.00570517
  487     0.00563493
  488     0.00556555
  489     0.00549703
  490     0.00542935
  491     0.00536251
  492     0.00529649
  493     0.00523128
  494     0.00516687
  495     0.00510326
  496     0.00504043
  497     0.00497838
  498     0.00491708
  499     0.00485655
  500     0.00479675
  501      0.0047377
  502     0.00467937
  503     0.00462176
  504     0.00456486
  505     0.00450866
  506     0.00445315
  507     0.00439832
  508     0.00434417
  509     0.00429069
  510     0.00423786
  511     0.00418569
  512     0.00413415
  513     0.00408326
  514     0.00403298
  515     0.00398333
  516     0.00393429
  517     0.00388585
  518     0.00383801
  519     0.00379076
  520     0.00374409
  521     0.00369799
  522     0.00365246
  523      0.0036075
  524     0.00356308
  525     0.00351921
  526     0.00347589
  527     0.00343309
  528     0.00339083
  529     0.00334908
  530     0.00330785
  531     0.00326712
  532      0.0032269
  533     0.00318717
  534     0.00314793
  535     0.00310917
  536     0.00307089
  537     0.00303309
  538     0.00299574
  539     0.00295886
  540     0.00292243
  541     0.00288645
  542     0.00285092
  543     0.00281582
  544     0.00278115
  545     0.00274691
  546     0.00271309
  547     0.00267969
  548      0.0026467
  549     0.00261411
  550     0.00258193
  551     0.00255014
  552     0.00251874
  553     0.00248773
  554      0.0024571
  555     0.00242685
  556     0.00239697
  557     0.00236746
  558     0.00233832
  559     0.00230953
  560     0.00228109
  561     0.00225301
  562     0.00222527
  563     0.00219787
  564     0.00217082
  565     0.00214409
  566     0.00211769
  567     0.00209162
  568     0.00206587
  569     0.00204043
  570     0.00201531
  571      0.0019905
  572     0.00196599
  573     0.00194179
  574     0.00191788
  575     0.00189427
  576     0.00187095
  577     0.00184791
  578     0.00182516
  579     0.00180269
  580      0.0017805
  581     0.00175858
  582     0.00173693
  583     0.00171554
  584     0.00169442
  585     0.00167356
  586     0.00165296
  587     0.00163261
  588     0.00161251
  589     0.00159265
  590     0.00157304
  591     0.00155368
  592     0.00153455
  593     0.00151566
  594       0.001497
  595     0.00147857
  596     0.00146036
  597     0.00144238
  598     0.00142462
  599     0.00140708
  600     0.00138976
  601     0.00137265
  602     0.00135575
  603     0.00133906
  604     0.00132257
  605     0.00130629
  606     0.00129021
  607     0.00127432
  608     0.00125863
  609     0.00124314
  610     0.00122783
  611     0.00121272
  612     0.00119779
  613     0.00118304
  614     0.00116847
  615     0.00115409
  616     0.00113988
  617     0.00112585
  618     0.00111198
  619     0.00109829
  620     0.00108477
  621     0.00107142
  622     0.00105823
  623      0.0010452
  624     0.00103233
  625     0.00101962
  626     0.00100707
  627    0.000994668
  628    0.000982422
  629    0.000970327
  630    0.000958381
  631    0.000946581
  632    0.000934927
  633    0.000923417
  634    0.000912048
  635    0.000900819
  636    0.000889729
  637    0.000878775
  638    0.000867955
  639    0.000857269
  640    0.000846715
  641    0.000836291
  642    0.000825994
  643    0.000815825
  644    0.000805781
  645     0.00079586
  646    0.000786062
  647    0.000776384
  648    0.000766826
  649    0.000757385
  650     0.00074806
  651     0.00073885
  652    0.000729754
  653    0.000720769
  654    0.000711896
  655    0.000703131
  656    0.000694474
  657    0.000685924
  658    0.000677479
  659    0.000669138
  660      0.0006609
  661    0.000652763
  662    0.000644727
  663    0.000636789
  664    0.000628949
  665    0.000621206
  666    0.000613558
  667    0.000606004
  668    0.000598543
  669    0.000591174
  670    0.000583895
  671    0.000576707
  672    0.000569607
  673    0.000562594
  674    0.000555667
  675    0.000548826
  676    0.000542069
  677    0.000535395
  678    0.000528804
  679    0.000522293
  680    0.000515863
  681    0.000509512
  682    0.000503239
  683    0.000497043
  684    0.000490924
  685     0.00048488
  686     0.00047891
  687    0.000473014
  688     0.00046719
  689    0.000461438
  690    0.000455757
  691    0.000450146
  692    0.000444604
  693     0.00043913
  694    0.000433724
  695    0.000428384
  696     0.00042311
  697    0.000417901
  698    0.000412756
  699    0.000407674
  700    0.000402655
  701    0.000397697
  702    0.000392801
  703    0.000387965
  704    0.000383189
  705    0.000378471
  706    0.000373811
  707    0.000369209
  708    0.000364664
  709    0.000360174
  710     0.00035574
  711     0.00035136
  712    0.000347034
  713    0.000342761
  714    0.000338541
  715    0.000334373
  716    0.000330257
  717    0.000326191
  718    0.000322175
  719    0.000318208
  720    0.000314291
  721    0.000310421
  722    0.000306599
  723    0.000302825
  724    0.000299096
  725    0.000295414
  726    0.000291777
  727    0.000288185
  728    0.000284637
  729    0.000281132
  730    0.000277671
  731    0.000274253
  732    0.000270876
  733    0.000267541
  734    0.000264247
  735    0.000260994
  736    0.000257781
  737    0.000254607
  738    0.000251472
  739    0.000248376
  740    0.000245318
  741    0.000242298
  742    0.000239315
  743    0.000236369
  744    0.000233459
  745    0.000230584
  746    0.000227745
  747    0.000224941
  748    0.000222172
  749    0.000219437
  750    0.000216735
  751    0.000214067
  752    0.000211431
  753    0.000208828
  754    0.000206257
  755    0.000203718
  756     0.00020121
  757    0.000198732
  758    0.000196286
  759    0.000193869
  760    0.000191482
  761    0.000189125
  762    0.000186796
  763    0.000184497
  764    0.000182225
  765    0.000179982
  766    0.000177766
  767    0.000175577
  768    0.000173416
  769     0.00017128
  770    0.000169172
  771    0.000167089
  772    0.000165032
  773       0.000163
  774    0.000160993
  775    0.000159011
  776    0.000157053
  777     0.00015512
  778     0.00015321
  779    0.000151324
  780    0.000149461
  781    0.000147621
  782    0.000145803
  783    0.000144008
  784    0.000142235
  785    0.000140484
  786    0.000138754
  787    0.000137046
  788    0.000135359
  789    0.000133692
  790    0.000132046
  791    0.000130421
  792    0.000128815
  793    0.000127229
  794    0.000125663
  795    0.000124115
  796    0.000122587
  797    0.000121078
  798    0.000119587
  799    0.000118115
  800    0.000116661
  801    0.000115225
  802    0.000113806
  803    0.000112405
  804    0.000111021
  805    0.000109654
  806    0.000108304
  807    0.000106971
  808    0.000105654
  809    0.000104353
  810    0.000103068
  811    0.000101799
  812    0.000100546
  813    9.93081e-05
  814    9.80855e-05
  815    9.68779e-05
  816    9.56851e-05
  817    9.45071e-05
  818    9.33436e-05
  819    9.21943e-05
  820    9.10593e-05
  821    8.99382e-05
  822    8.88309e-05
  823    8.77372e-05
  824     8.6657e-05
  825    8.55902e-05
  826    8.45364e-05
  827    8.34956e-05
  828    8.24676e-05
  829    8.14523e-05
  830    8.04495e-05
  831     7.9459e-05
  832    7.84808e-05
  833    7.75145e-05
  834    7.65602e-05
  835    7.56176e-05
  836    7.46867e-05
  837    7.37671e-05
  838    7.28589e-05
  839    7.19619e-05
  840     7.1076e-05
  841    7.02009e-05
  842    6.93366e-05
  843     6.8483e-05
  844    6.76398e-05
  845    6.68071e-05
  846    6.59846e-05
  847    6.51722e-05
  848    6.43698e-05
  849    6.35773e-05
  850    6.27946e-05
  851    6.20214e-05
  852    6.12579e-05
  853    6.05037e-05
  854    5.97588e-05
  855     5.9023e-05
  856    5.82964e-05
  857    5.75786e-05
  858    5.68698e-05
  859    5.61696e-05
  860    5.54781e-05
  861     5.4795e-05
  862    5.41204e-05
  863    5.34541e-05
  864     5.2796e-05
  865     5.2146e-05
  866     5.1504e-05
  867    5.08699e-05
  868    5.02436e-05
  869     4.9625e-05
  870     4.9014e-05
  871    4.84106e-05
  872    4.78146e-05
  873    4.72259e-05
  874    4.66445e-05
  875    4.60702e-05
  876     4.5503e-05
  877    4.49428e-05
  878    4.43895e-05
  879     4.3843e-05
  880    4.33032e-05
  881      4.277e-05
  882    4.22435e-05
  883    4.17234e-05
  884    4.12097e-05
  885    4.07023e-05
  886    4.02012e-05
  887    3.97063e-05
  888    3.92174e-05
  889    3.87346e-05
  890    3.82577e-05
  891    3.77867e-05
  892    3.73215e-05
  893     3.6862e-05
  894    3.64082e-05
  895    3.59599e-05
  896    3.55172e-05
  897    3.50799e-05
  898     3.4648e-05
  899    3.42215e-05
  900    3.38001e-05
  901     3.3384e-05
  902     3.2973e-05
  903     3.2567e-05
  904    3.21661e-05
  905    3.17701e-05
  906    3.13789e-05
  907    3.09926e-05
  908     3.0611e-05
  909    3.02341e-05
  910    2.98619e-05
  911    2.94943e-05
  912    2.91311e-05
  913    2.87725e-05
  914    2.84182e-05
  915    2.80684e-05
  916    2.77228e-05
  917    2.73815e-05
  918    2.70444e-05
  919    2.67114e-05
  920    2.63826e-05
  921    2.60577e-05
  922    2.57369e-05
  923    2.54201e-05
  924    2.51071e-05
  925     2.4798e-05
  926    2.44927e-05
  927    2.41911e-05
  928    2.38933e-05
  929    2.35991e-05
  930    2.33086e-05
  931    2.30216e-05
  932    2.27382e-05
  933    2.24583e-05
  934    2.21818e-05
  935    2.19087e-05
  936    2.16389e-05
  937    2.13725e-05
  938    2.11094e-05
  939    2.08495e-05
  940    2.05928e-05
  941    2.03393e-05
  942    2.00889e-05
  943    1.98415e-05
  944    1.95972e-05
  945     1.9356e-05
  946    1.91177e-05
  947    1.88823e-05
  948    1.86498e-05
  949    1.84202e-05
  950    1.81934e-05
  951    1.79694e-05
  952    1.77482e-05
  953    1.75297e-05
  954    1.73139e-05
  955    1.71007e-05
  956    1.68902e-05
  957    1.66822e-05
  958    1.64768e-05
  959     1.6274e-05
  960    1.60736e-05
  961    1.58757e-05
  962    1.56803e-05
  963    1.54872e-05
  964    1.52966e-05
  965    1.51082e-05
  966    1.49222e-05
  967    1.47385e-05
  968    1.45571e-05
  969    1.43778e-05
  970    1.42008e-05
  971     1.4026e-05
  972    1.38533e-05
  973    1.36827e-05
  974    1.35143e-05
  975    1.33479e-05
  976    1.31836e-05
  977    1.30213e-05
  978    1.28609e-05
  979    1.27026e-05
  980    1.25462e-05
  981    1.23917e-05
  982    1.22392e-05
  983    1.20885e-05
  984    1.19397e-05
  985    1.17927e-05
  986    1.16475e-05
  987    1.15041e-05
  988    1.13624e-05
  989    1.12226e-05
  990    1.10844e-05
  991    1.09479e-05
  992    1.08131e-05
  993      1.068e-05
  994    1.05485e-05
  995    1.04186e-05
  996    1.02904e-05
  997    1.01637e-05
  998    1.00386e-05
  999    9.91496e-06
