31.4627
15.5877
10.9255
8.5636
7.1049
6.1023
5.3650
4.8016
4.3621
4.0151
3.7383
3.5151
3.3330
3.1820
3.0547
2.9455
2.8501
2.7652
2.6886
2.6184
2.5533
2.4924
2.4348
2.3802
2.3279
2.2778
2.2294
2.1828
2.1376
2.0937
2.0511
2.0097
1.9693
1.9300
1.8916
1.8541
1.8175
1.7818
1.7468
1.7126
1.6791
1.6464
1.6143
1.5830
1.5522
1.5221
1.4926
1.4638
1.4355
1.4077
1.3805
1.3539
1.3278
1.3022
1.2771
1.2525
1.2283
1.2047
1.1815
1.1587
1.1364
1.1146
1.0931
1.0721
1.0515
1.0313
1.0114
0.9920
0.9729
0.9542
0.9359
0.9179
0.9002
0.8829
0.8660
0.8493
0.8330
0.8170
0.8013
0.7859
0.7708
0.7560
0.7414
0.7272
0.7132
0.6995
0.6861
0.6729
0.6600
0.6473
0.6348
0.6226
0.6107
0.5989
0.5874
0.5762
0.5651
0.5542
0.5436
0.5331
0.5229
0.5128
0.5030
0.4933
0.4838
0.4745
0.4654
0.4565
0.4477
0.4391
0.4307
0.4224
0.4143
0.4063
0.3985
0.3909
0.3833
0.3760
0.3688
0.3617
0.3547
0.3479
0.3412
0.3347
0.3282
0.3219
0.3157
0.3097
0.3037
0.2979
0.2922
0.2865
0.2810
0.2756
0.2703
0.2652
0.2601
0.2551
0.2502
0.2454
0.2406
0.2360
0.2315
0.2270
0.2227
0.2184
0.2142
0.2101
0.2060
0.2021
0.1982
0.1944
0.1907
0.1870
0.1834
0.1799
0.1764
0.1730
0.1697
0.1664
0.1632
0.1601
0.1570
0.1540
0.1511
0.1482
0.1453
0.1425
0.1398
0.1371
0.1345
0.1319
0.1293
0.1269
0.1244
0.1220
0.1197
0.1174
0.1151
0.1129
0.1107
0.1086
0.1065
0.1045
0.1025
0.1005
0.0986
0.0967
0.0948
0.0930
0.0912
0.0895
0.0877
0.0861
0.0844
0.0828
0.0812
0.0796
0.0781
0.0766
0.0751
0.0737
0.0723
0.0709
0.0695
0.0682
0.0669
0.0656
0.0643
0.0631
0.0619
0.0607
0.0595
0.0584
0.0573
0.0562
0.0551
0.0540
0.0530
0.0520
0.0510
0.0500
0.0490
0.0481
0.0472
0.0463
0.0454
0.0445
0.0436
0.0428
0.0420
0.0412
0.0404
0.0396
0.0388
0.0381
0.0374
0.0366
0.0359
0.0353
0.0346
0.0339
0.0333
0.0326
0.0320
0.0314
0.0308
0.0302
0.0296
0.0290
0.0285
0.0279
0.0274
0.0269
0.0264
0.0258
0.0253
0.0249
0.0244
0.0239
0.0235
0.0230
0.0226
0.0221
0.0217
0.0213
0.0209
0.0205
0.0201
0.0197
0.0193
0.0189
0.0186
0.0182
0.0179
0.0175
0.0172
0.0169
0.0165
0.0162
0.0159
0.0156
0.0153
0.0150
0.0147
0.0144
0.0142
0.0139
0.0136
0.0134
0.0131
0.0129
0.0126
0.0124
0.0121
0.0119
0.0117
0.0114
0.0112
0.0110
0.0108
0.0106
0.0104
0.0102
0.0100
0.0098
0.0096
0.0094
0.0092
0.0091
0.0089
0.0087
0.0086
0.0084
0.0082
0.0081
0.0079
0.0078
0.0076
0.0075
0.0073
0.0072
0.0070
0.0069
0.0068
0.0066
0.0065
0.0064
0.0063
0.0061
0.0060
0.0059
0.0058
0.0057
0.0056
0.0055
0.0054
0.0053
0.0052
0.0051
0.0050
0.0049
0.0048
0.0047
0.0046
0.0045
0.0044
0.0043
0.0043
0.0042
0.0041
0.0040
0.0039
0.0039
0.0038
0.0037
0.0036
0.0036
0.0035
0.0034
0.0034
0.0033
0.0032
0.0032
0.0031
0.0031
0.0030
0.0029
0.0029
0.0028
0.0028
0.0027
0.0027
0.0026
0.0026
0.0025
0.0025
0.0024
0.0024
0.0023
0.0023
0.0022
0.0022
0.0022
0.0021
0.0021
0.0020
0.0020
0.0020
0.0019
0.0019
0.0018
0.0018
0.0018
0.0017
0.0017
0.0017
0.0016
0.0016
0.0016
0.0016
0.0015
0.0015
0.0015
0.0014
0.0014
0.0014
0.0014
0.0013
0.0013
0.0013
0.0013
0.0012
0.0012
0.0012
0.0012
0.0011
0.0011
0.0011
0.0011
0.0011
0.0010
0.0010
0.0010
0.0010
0.0010
0.0009
0.0009
0.0009
0.0009
0.0009
0.0008
0.0008
0.0008
0.0008
0.0008
0.0008
0.0008
0.0007
0.0007
0.0007
0.0007
0.0007
0.0007
0.0007
0.0006
0.0006
0.0006
0.0006
0.0006
0.0006
0.0006
0.0006
0.0006
0.0005
0.0005
0.0005
0.0005
0.0005
0.0005
0.0005
0.0005
0.0005
0.0005
0.0004
0.0004
0.0004
0.0004
0.0004
0.0004
0.0004
0.0004
0.0004
0.0004
0.0004
0.0004
0.0004
0.0003
0.0003
0.0003
0.0003
0.0003
0.0003
0.0003
0.0003
0.0003
0.0003
0.0003
0.0003
0.0003
0.0003
0.0003
0.0003
0.0003
0.0003
0.0002
0.0002
0.0002
0.0002
0.0002
0.0002
0.0002
0.0002
0.0002
0.0002
0.0002
0.0002
0.0002
0.0002
0.0002
0.0002
0.0002
0.0002
0.0002
0.0002
0.0002
0.0002
0.0002
0.0002
0.0002
0.0002
0.0001
0.0001
0.0001
0.0001
0.0001
0.0001
0.0001
0.0001
0.0001
0.0001
0.0001
0.0001
0.0001
0.0001
0.0001
0.0001
0.0001
0.0001
0.0001
0.0001
0.0001
0.0001
0.0001
0.0001
0.0001
0.0001
0.0001
0.0001
0.0001
0.0001
0.0001
0.0001
0.0001
0.0001
0.0001
0.0001
0.0001
0.0001
0.0001
0.0001
0.0001
0.0001
0.0001
0.0001
0.0001
0.0001
0.0001
0.0001
0.0001
0.0001
0.0001
0.0001
0.0001
0.0001
0.0001
0.0001
0.0001
0.0000
0.0000
0.0000
0.0000
0.0000
0.0000
0.0000
0.0000
0.0000
0.0000
0.0000
0.0000
0.0000
0.0000
0.0000
0.0000
0.0000
0.0000
0.0000
0.0000
0.0000
0.0000
0.0000
0.0000
0.0000
0.0000
0.0000
0.0000
0.0000
0.0000
0.0000
0.0000
0.0000
0.0000
0.0000
0.0000
0.0000
0.0000
0.0000
0.0000
0.0000
0.0000
0.0000
0.0000
0.0000
0.0000
0.0000
0.0000
0.0000
0.0000
0.0000
0.0000
0.0000
0.0000
0.0000
0.0000
0.0000
0.0000
0.0000
0.0000
0.0000
0.0000
0.0000
0.0000
0.0000
0.0000
0.0000
0.0000
0.0000
0.0000
0.0000
0.0000
0.0000
0.0000
0.0000
0.0000
0.0000
0.0000
0.0000
0.0000
0.0000
0.0000
0.0000
