44.7286
21.6303
14.8064
12.3914
11.0700
10.0772
9.2376
8.4964
7.8293
7.2223
6.6666
6.1559
5.6855
5.2518
4.8515
4.4819
4.1406
3.8254
3.5341
3.2651
3.0165
2.7869
2.5748
2.3788
2.1977
2.0304
1.8758
1.7331
1.6011
1.4793
1.3667
1.2626
1.1665
1.0777
0.9957
0.9199
0.8499
0.7852
0.7254
0.6702
0.6192
0.5720
0.5285
0.4883
0.4511
0.4168
0.3850
0.3557
0.3287
0.3036
0.2805
0.2592
0.2394
0.2212
0.2044
0.1888
0.1744
0.1612
0.1489
0.1376
0.1271
0.1174
0.1085
0.1002
0.0926
0.0855
0.0790
0.0730
0.0675
0.0623
0.0576
0.0532
0.0491
0.0454
0.0420
0.0388
0.0358
0.0331
0.0306
0.0282
0.0261
0.0241
0.0223
0.0206
0.0190
0.0176
0.0162
0.0150
0.0138
0.0128
0.0118
0.0109
0.0101
0.0093
0.0086
0.0080
0.0073
0.0068
0.0063
0.0058
0.0054
0.0049
0.0046
0.0042
0.0039
0.0036
0.0033
0.0031
0.0028
0.0026
0.0024
0.0022
0.0021
0.0019
0.0018
0.0016
0.0015
0.0014
0.0013
0.0012
0.0011
0.0010
0.0009
0.0009
0.0008
0.0007
0.0007
0.0006
0.0006
0.0005
0.0005
0.0005
0.0004
0.0004
0.0004
0.0003
0.0003
0.0003
0.0003
0.0002
0.0002
0.0002
0.0002
0.0002
0.0002
0.0002
0.0001
0.0001
0.0001
0.0001
0.0001
0.0001
0.0001
0.0001
0.0001
0.0001
0.0001
0.0001
0.0001
0.0001
0.0000
0.0000
0.0000
0.0000
0.0000
0.0000
0.0000
0.0000
0.0000
0.0000
0.0000
0.0000
0.0000
0.0000
0.0000
0.0000
0.0000
0.0000
0.0000
0.0000
0.0000
