         0.0000            100.0000            100.0000
         0.0781            100.0001            100.0005
         0.1562            100.0031            100.0038
         0.2344            100.0118            100.0129
         0.3125            100.0291            100.0305
         0.3906            100.0579            100.0596
         0.4688            100.1009            100.1030
         0.5469            100.1612            100.1636
         0.6250            100.2414            100.2441
         0.7031            100.3446            100.3476
         0.7812            100.4735            100.4768
         0.8594            100.6310            100.6347
         0.9375            100.8200            100.8240
         1.0156            101.0434            101.0476
         1.0938            101.3040            101.3084
         1.1719            101.6046            101.6093
         1.2500            101.9481            101.9531
         1.3281            102.3375            102.3427
         1.4062            102.7754            102.7809
         1.4844            103.2649            103.2706
         1.5625            103.8088            103.8147
         1.6406            104.4099            104.4160
         1.7188            105.0711            105.0774
         1.7969            105.7953            105.8017
         1.8750            106.5853            106.5918
         1.9531            107.4439            107.4506
         2.0312            108.3741            108.3809
         2.1094            109.3787            109.3856
         2.1875            110.4606            110.4675
         2.2656            111.6226            111.6296
         2.3438            112.8676            112.8746
         2.4219            114.1984            114.2055
         2.5000            115.6179            115.6250
         2.5781            117.1290            117.1361
         2.6562            118.7346            118.7416
         2.7344            120.4374            120.4444
         2.8125            122.2404            122.2473
         2.8906            124.1464            124.1532
         2.9688            126.1582            126.1650
         3.0469            128.2788            128.2855
         3.1250            130.5110            130.5176
         3.2031            132.8577            132.8641
         3.2812            135.3217            135.3279
         3.3594            137.9058            137.9119
         3.4375            140.6130            140.6189
         3.5156            143.4461            143.4518
         3.5938            146.4079            146.4134
         3.6719            149.5014            149.5067
         3.7500            152.7294            152.7344
         3.8281            156.0947            156.0994
         3.9062            159.6002            159.6046
         3.9844            163.2487            163.2529
         4.0625            167.0432            167.0471
         4.1406            170.9865            170.9901
         4.2188            175.0813            175.0847
         4.2969            179.3308            179.3338
         4.3750            183.7375            183.7402
         4.4531            188.3045            188.3069
         4.5312            193.0346            193.0367
         4.6094            197.9306            197.9323
         4.6875            202.9954            202.9968
         4.7656            208.2319            208.2330
         4.8438            213.6430            213.6436
         4.9219            219.2314            219.2317
         5.0000            225.0000            225.0000
