         0.0000            100.0000            100.0000
         0.0391             99.9994            100.0001
         0.0781             99.9991            100.0005
         0.1172             99.9995            100.0016
         0.1562            100.0010            100.0038
         0.1953            100.0040            100.0075
         0.2344            100.0087            100.0129
         0.2734            100.0156            100.0204
         0.3125            100.0250            100.0305
         0.3516            100.0372            100.0435
         0.3906            100.0527            100.0596
         0.4297            100.0717            100.0793
         0.4688            100.0947            100.1030
         0.5078            100.1220            100.1310
         0.5469            100.1540            100.1636
         0.5859            100.1909            100.2012
         0.6250            100.2333            100.2441
         0.6641            100.2813            100.2928
         0.7031            100.3355            100.3476
         0.7422            100.3960            100.4088
         0.7812            100.4634            100.4768
         0.8203            100.5380            100.5520
         0.8594            100.6201            100.6347
         0.8984            100.7100            100.7252
         0.9375            100.8082            100.8240
         0.9766            100.9149            100.9313
         1.0156            101.0307            101.0476
         1.0547            101.1557            101.1732
         1.0938            101.2904            101.3084
         1.1328            101.4351            101.4537
         1.1719            101.5902            101.6093
         1.2109            101.7561            101.7757
         1.2500            101.9330            101.9531
         1.2891            102.1214            102.1420
         1.3281            102.3216            102.3427
         1.3672            102.5340            102.5555
         1.4062            102.7589            102.7809
         1.4453            102.9967            103.0192
         1.4844            103.2478            103.2706
         1.5234            103.5124            103.5357
         1.5625            103.7911            103.8147
         1.6016            104.0840            104.1080
         1.6406            104.3916            104.4160
         1.6797            104.7142            104.7390
         1.7188            105.0523            105.0774
         1.7578            105.4061            105.4315
         1.7969            105.7760            105.8017
         1.8359            106.1623            106.1883
         1.8750            106.5655            106.5918
         1.9141            106.9859            107.0124
         1.9531            107.4238            107.4506
         1.9922            107.8796            107.9066
         2.0312            108.3537            108.3809
         2.0703            108.8463            108.8738
         2.1094            109.3580            109.3856
         2.1484            109.8890            109.9167
         2.1875            110.4396            110.4675
         2.2266            111.0103            111.0384
         2.2656            111.6015            111.6296
         2.3047            112.2133            112.2415
         2.3438            112.8463            112.8746
         2.3828            113.5008            113.5291
         2.4219            114.1771            114.2055
         2.4609            114.8755            114.9040
         2.5000            115.5966            115.6250
         2.5391            116.3405            116.3689
         2.5781            117.1077            117.1361
         2.6172            117.8985            117.9269
         2.6562            118.7133            118.7416
         2.6953            119.5524            119.5807
         2.7344            120.4163            120.4444
         2.7734            121.3051            121.3332
         2.8125            122.2194            122.2473
         2.8516            123.1595            123.1872
         2.8906            124.1257            124.1532
         2.9297            125.1183            125.1457
         2.9688            126.1378            126.1650
         3.0078            127.1845            127.2115
         3.0469            128.2587            128.2855
         3.0859            129.3609            129.3874
         3.1250            130.4913            130.5176
         3.1641            131.6504            131.6764
         3.2031            132.8384            132.8641
         3.2422            134.0558            134.0812
         3.2812            135.3028            135.3279
         3.3203            136.5800            136.6047
         3.3594            137.8875            137.9119
         3.3984            139.2258            139.2498
         3.4375            140.5953            140.6189
         3.4766            141.9962            142.0194
         3.5156            143.4290            143.4518
         3.5547            144.8939            144.9163
         3.5938            146.3914            146.4134
         3.6328            147.9219            147.9434
         3.6719            149.4856            149.5067
         3.7109            151.0829            151.1035
         3.7500            152.7143            152.7344
         3.7891            154.3799            154.3995
         3.8281            156.0803            156.0994
         3.8672            157.8157            157.8343
         3.9062            159.5866            159.6046
         3.9453            161.3932            161.4107
         3.9844            163.2360            163.2529
         4.0234            165.1152            165.1316
         4.0625            167.0313            167.0471
         4.1016            168.9846            168.9998
         4.1406            170.9755            170.9901
         4.1797            173.0042            173.0183
         4.2188            175.0713            175.0847
         4.2578            177.1770            177.1897
         4.2969            179.3216            179.3338
         4.3359            181.5056            181.5172
         4.3750            183.7294            183.7402
         4.4141            185.9931            186.0034
         4.4531            188.2973            188.3069
         4.4922            190.6423            190.6512
         4.5312            193.0284            193.0367
         4.5703            195.4560            195.4636
         4.6094            197.9254            197.9323
         4.6484            200.4371            200.4433
         4.6875            202.9913            202.9968
         4.7266            205.5884            205.5933
         4.7656            208.2288            208.2330
         4.8047            210.9128            210.9163
         4.8438            213.6409            213.6436
         4.8828            216.4132            216.4153
         4.9219            219.2303            219.2317
         4.9609            222.0924            222.0931
         5.0000            225.0000            225.0000
