         0.0000            100.0000            100.0000
         0.0195             99.9986            100.0000
         0.0391             99.9973            100.0001
         0.0586             99.9960            100.0002
         0.0781             99.9949            100.0005
         0.0977             99.9939            100.0009
         0.1172             99.9932            100.0016
         0.1367             99.9928            100.0026
         0.1562             99.9926            100.0038
         0.1758             99.9929            100.0054
         0.1953             99.9935            100.0075
         0.2148             99.9946            100.0099
         0.2344             99.9961            100.0129
         0.2539             99.9983            100.0164
         0.2734            100.0010            100.0204
         0.2930            100.0043            100.0251
         0.3125            100.0083            100.0305
         0.3320            100.0130            100.0366
         0.3516            100.0185            100.0435
         0.3711            100.0248            100.0511
         0.3906            100.0319            100.0596
         0.4102            100.0399            100.0690
         0.4297            100.0489            100.0793
         0.4492            100.0589            100.0907
         0.4688            100.0699            100.1030
         0.4883            100.0820            100.1164
         0.5078            100.0952            100.1310
         0.5273            100.1096            100.1466
         0.5469            100.1252            100.1636
         0.5664            100.1420            100.1817
         0.5859            100.1601            100.2012
         0.6055            100.1796            100.2220
         0.6250            100.2005            100.2441
         0.6445            100.2228            100.2678
         0.6641            100.2466            100.2928
         0.6836            100.2720            100.3194
         0.7031            100.2989            100.3476
         0.7227            100.3274            100.3774
         0.7422            100.3576            100.4088
         0.7617            100.3895            100.4420
         0.7812            100.4231            100.4768
         0.8008            100.4585            100.5135
         0.8203            100.4958            100.5520
         0.8398            100.5350            100.5924
         0.8594            100.5761            100.6347
         0.8789            100.6191            100.6789
         0.8984            100.6642            100.7252
         0.9180            100.7114            100.7735
         0.9375            100.7606            100.8240
         0.9570            100.8121            100.8766
         0.9766            100.8657            100.9313
         0.9961            100.9216            100.9883
         1.0156            100.9797            101.0476
         1.0352            101.0402            101.1092
         1.0547            101.1031            101.1732
         1.0742            101.1684            101.2396
         1.0938            101.2361            101.3084
         1.1133            101.3064            101.3798
         1.1328            101.3792            101.4537
         1.1523            101.4547            101.5302
         1.1719            101.5328            101.6093
         1.1914            101.6136            101.6911
         1.2109            101.6971            101.7757
         1.2305            101.7834            101.8630
         1.2500            101.8725            101.9531
         1.2695            101.9645            102.0461
         1.2891            102.0595            102.1420
         1.3086            102.1573            102.2409
         1.3281            102.2582            102.3427
         1.3477            102.3622            102.4476
         1.3672            102.4692            102.5555
         1.3867            102.5794            102.6666
         1.4062            102.6928            102.7809
         1.4258            102.8094            102.8984
         1.4453            102.9293            103.0192
         1.4648            103.0525            103.1432
         1.4844            103.1791            103.2706
         1.5039            103.3091            103.4014
         1.5234            103.4425            103.5357
         1.5430            103.5794            103.6734
         1.5625            103.7199            103.8147
         1.5820            103.8640            103.9595
         1.6016            104.0117            104.1080
         1.6211            104.1631            104.2601
         1.6406            104.3182            104.4160
         1.6602            104.4771            104.5756
         1.6797            104.6398            104.7390
         1.6992            104.8064            104.9062
         1.7188            104.9768            105.0774
         1.7383            105.1513            105.2524
         1.7578            105.3297            105.4315
         1.7773            105.5121            105.6145
         1.7969            105.6986            105.8017
         1.8164            105.8893            105.9929
         1.8359            106.0841            106.1883
         1.8555            106.2832            106.3879
         1.8750            106.4865            106.5918
         1.8945            106.6941            106.7999
         1.9141            106.9061            107.0124
         1.9336            107.1225            107.2293
         1.9531            107.3433            107.4506
         1.9727            107.5686            107.6763
         1.9922            107.7984            107.9066
         2.0117            108.0328            108.1415
         2.0312            108.2718            108.3809
         2.0508            108.5155            108.6250
         2.0703            108.7639            108.8738
         2.0898            109.0171            109.1273
         2.1094            109.2750            109.3856
         2.1289            109.5378            109.6487
         2.1484            109.8055            109.9167
         2.1680            110.0781            110.1896
         2.1875            110.3557            110.4675
         2.2070            110.6384            110.7504
         2.2266            110.9260            111.0384
         2.2461            111.2189            111.3314
         2.2656            111.5168            111.6296
         2.2852            111.8200            111.9329
         2.3047            112.1284            112.2415
         2.3242            112.4421            112.5554
         2.3438            112.7612            112.8746
         2.3633            113.0856            113.1992
         2.3828            113.4154            113.5291
         2.4023            113.7508            113.8645
         2.4219            114.0916            114.2055
         2.4414            114.4380            114.5519
         2.4609            114.7900            114.9040
         2.4805            115.1477            115.2616
         2.5000            115.5110            115.6250
         2.5195            115.8801            115.9941
         2.5391            116.2550            116.3689
         2.5586            116.6357            116.7496
         2.5781            117.0222            117.1361
         2.5977            117.4147            117.5285
         2.6172            117.8132            117.9269
         2.6367            118.2177            118.3312
         2.6562            118.6282            118.7416
         2.6758            119.0448            119.1581
         2.6953            119.4675            119.5807
         2.7148            119.8965            120.0094
         2.7344            120.3316            120.4444
         2.7539            120.7731            120.8856
         2.7734            121.2208            121.3332
         2.7930            121.6750            121.7870
         2.8125            122.1355            122.2473
         2.8320            122.6025            122.7140
         2.8516            123.0760            123.1872
         2.8711            123.5560            123.6669
         2.8906            124.0427            124.1532
         2.9102            124.5359            124.6461
         2.9297            125.0358            125.1457
         2.9492            125.5425            125.6520
         2.9688            126.0559            126.1650
         2.9883            126.5762            126.6848
         3.0078            127.1032            127.2115
         3.0273            127.6372            127.7450
         3.0469            128.1782            128.2855
         3.0664            128.7261            128.8329
         3.0859            129.2811            129.3874
         3.1055            129.8431            129.9489
         3.1250            130.4123            130.5176
         3.1445            130.9886            131.0934
         3.1641            131.5721            131.6764
         3.1836            132.1630            132.2666
         3.2031            132.7610            132.8641
         3.2227            133.3665            133.4689
         3.2422            133.9793            134.0812
         3.2617            134.5996            134.7008
         3.2812            135.2274            135.3279
         3.3008            135.8627            135.9625
         3.3203            136.5055            136.6047
         3.3398            137.1560            137.2545
         3.3594            137.8141            137.9119
         3.3789            138.4800            138.5770
         3.3984            139.1535            139.2498
         3.4180            139.8349            139.9305
         3.4375            140.5241            140.6189
         3.4570            141.2212            141.3152
         3.4766            141.9262            142.0194
         3.4961            142.6392            142.7316
         3.5156            143.3602            143.4518
         3.5352            144.0893            144.1800
         3.5547            144.8265            144.9163
         3.5742            145.5718            145.6608
         3.5938            146.3253            146.4134
         3.6133            147.0871            147.1743
         3.6328            147.8571            147.9434
         3.6523            148.6355            148.7209
         3.6719            149.4222            149.5067
         3.6914            150.2174            150.3009
         3.7109            151.0210            151.1035
         3.7305            151.8331            151.9147
         3.7500            152.6538            152.7344
         3.7695            153.4830            153.5626
         3.7891            154.3209            154.3995
         3.8086            155.1675            155.2451
         3.8281            156.0229            156.0994
         3.8477            156.8870            156.9625
         3.8672            157.7599            157.8343
         3.8867            158.6417            158.7150
         3.9062            159.5323            159.6046
         3.9258            160.4320            160.5032
         3.9453            161.3406            161.4107
         3.9648            162.2583            162.3273
         3.9844            163.1850            163.2529
         4.0039            164.1209            164.1877
         4.0234            165.0660            165.1316
         4.0430            166.0203            166.0847
         4.0625            166.9838            167.0471
         4.0820            167.9566            168.0188
         4.1016            168.9388            168.9998
         4.1211            169.9304            169.9902
         4.1406            170.9315            170.9901
         4.1602            171.9420            171.9994
         4.1797            172.9621            173.0183
         4.1992            173.9917            174.0467
         4.2188            175.0310            175.0847
         4.2383            176.0799            176.1324
         4.2578            177.1385            177.1897
         4.2773            178.2069            178.2569
         4.2969            179.2850            179.3338
         4.3164            180.3731            180.4205
         4.3359            181.4710            181.5172
         4.3555            182.5788            182.6237
         4.3750            183.6966            183.7402
         4.3945            184.8244            184.8668
         4.4141            185.9623            186.0034
         4.4336            187.1103            187.1501
         4.4531            188.2685            188.3069
         4.4727            189.4369            189.4739
         4.4922            190.6155            190.6512
         4.5117            191.8043            191.8388
         4.5312            193.0036            193.0367
         4.5508            194.2132            194.2449
         4.5703            195.4332            195.4636
         4.5898            196.6637            196.6927
         4.6094            197.9046            197.9323
         4.6289            199.1562            199.1825
         4.6484            200.4183            200.4433
         4.6680            201.6911            201.7147
         4.6875            202.9746            202.9968
         4.7070            204.2688            204.2897
         4.7266            205.5738            205.5933
         4.7461            206.8896            206.9077
         4.7656            208.2162            208.2330
         4.7852            209.5538            209.5692
         4.8047            210.9024            210.9163
         4.8242            212.2619            212.2745
         4.8438            213.6325            213.6436
         4.8633            215.0141            215.0239
         4.8828            216.4069            216.4153
         4.9023            217.8109            217.8179
         4.9219            219.2261            219.2317
         4.9414            220.6526            220.6568
         4.9609            222.0903            222.0931
         4.9805            223.5395            223.5409
         5.0000            225.0000            225.0000
