         0.0000            100.0000            100.0000
         0.1562            100.0036            100.0038
         0.3125            100.0302            100.0305
         0.4688            100.1025            100.1030
         0.6250            100.2435            100.2441
         0.7812            100.4760            100.4768
         0.9375            100.8230            100.8240
         1.0938            101.3073            101.3084
         1.2500            101.9519            101.9531
         1.4062            102.7796            102.7809
         1.5625            103.8132            103.8147
         1.7188            105.0758            105.0774
         1.8750            106.5902            106.5918
         2.0312            108.3792            108.3809
         2.1875            110.4658            110.4675
         2.3438            112.8729            112.8746
         2.5000            115.6232            115.6250
         2.6562            118.7399            118.7416
         2.8125            122.2456            122.2473
         2.9688            126.1633            126.1650
         3.1250            130.5160            130.5176
         3.2812            135.3264            135.3279
         3.4375            140.6174            140.6189
         3.5938            146.4121            146.4134
         3.7500            152.7331            152.7344
         3.9062            159.6035            159.6046
         4.0625            167.0461            167.0471
         4.2188            175.0839            175.0847
         4.3750            183.7396            183.7402
         4.5312            193.0361            193.0367
         4.6875            202.9965            202.9968
         4.8438            213.6435            213.6436
         5.0000            225.0000            225.0000
