22.0532
10.9994
7.7590
6.1196
5.1082
4.4137
3.9035
3.5107
3.1977
2.9417
2.7278
2.5461
2.3896
2.2531
2.1330
2.0263
1.9307
1.8447
1.7667
1.6956
1.6306
1.5708
1.5157
1.4647
1.4173
1.3733
1.3322
1.2938
1.2579
1.2242
1.1925
1.1628
1.1348
1.1085
1.0836
1.0602
1.0381
1.0171
0.9974
0.9786
0.9609
0.9441
0.9282
0.9131
0.8987
0.8851
0.8721
0.8597
0.8480
0.8367
0.8260
0.8158
0.8061
0.7967
0.7878
0.7792
0.7709
0.7630
0.7554
0.7481
0.7410
0.7342
0.7277
0.7213
0.7152
0.7092
0.7034
0.6978
0.6924
0.6871
0.6820
0.6769
0.6721
0.6673
0.6626
0.6581
0.6536
0.6492
0.6450
0.6408
0.6367
0.6326
0.6287
0.6248
0.6209
0.6172
0.6135
0.6098
0.6062
0.6027
0.5992
0.5957
0.5923
0.5889
0.5856
0.5823
0.5790
0.5758
0.5726
0.5695
0.5664
0.5633
0.5603
0.5572
0.5542
0.5513
0.5483
0.5454
0.5425
0.5397
0.5368
0.5340
0.5312
0.5285
0.5257
0.5230
0.5203
0.5176
0.5149
0.5123
0.5097
0.5070
0.5045
0.5019
0.4993
0.4968
0.4943
0.4918
0.4893
0.4868
0.4844
0.4819
0.4795
0.4771
0.4747
0.4723
0.4700
0.4676
0.4653
0.4630
0.4607
0.4584
0.4561
0.4538
0.4516
0.4493
0.4471
0.4449
0.4427
0.4405
0.4383
0.4362
0.4340
0.4319
0.4298
0.4277
0.4256
0.4235
0.4214
0.4193
0.4173
0.4152
0.4132
0.4112
0.4091
0.4071
0.4052
0.4032
0.4012
0.3992
0.3973
0.3954
0.3934
0.3915
0.3896
0.3877
0.3858
0.3839
0.3821
0.3802
0.3784
0.3765
0.3747
0.3729
0.3711
0.3693
0.3675
0.3657
0.3639
0.3621
0.3604
0.3586
0.3569
0.3552
0.3534
0.3517
0.3500
0.3483
0.3466
0.3450
0.3433
0.3416
0.3400
0.3383
0.3367
0.3351
0.3334
0.3318
0.3302
0.3286
0.3270
0.3255
0.3239
0.3223
0.3208
0.3192
0.3177
0.3161
0.3146
0.3131
0.3116
0.3101
0.3086
0.3071
0.3056
0.3041
0.3026
0.3012
0.2997
0.2983
0.2968
0.2954
0.2940
0.2926
0.2912
0.2898
0.2884
0.2870
0.2856
0.2842
0.2828
0.2815
0.2801
0.2788
0.2774
0.2761
0.2747
0.2734
0.2721
0.2708
0.2695
0.2682
0.2669
0.2656
0.2643
0.2631
0.2618
0.2605
0.2593
0.2580
0.2568
0.2555
0.2543
0.2531
0.2519
0.2506
0.2494
0.2482
0.2470
0.2458
0.2447
0.2435
0.2423
0.2411
0.2400
0.2388
0.2377
0.2365
0.2354
0.2343
0.2331
0.2320
0.2309
0.2298
0.2287
0.2276
0.2265
0.2254
0.2243
0.2232
0.2221
0.2211
0.2200
0.2189
0.2179
0.2168
0.2158
0.2148
0.2137
0.2127
0.2117
0.2106
0.2096
0.2086
0.2076
0.2066
0.2056
0.2046
0.2036
0.2027
0.2017
0.2007
0.1997
0.1988
0.1978
0.1969
0.1959
0.1950
0.1940
0.1931
0.1922
0.1913
0.1903
0.1894
0.1885
0.1876
0.1867
0.1858
0.1849
0.1840
0.1831
0.1822
0.1814
0.1805
0.1796
0.1788
0.1779
0.1770
0.1762
0.1753
0.1745
0.1737
0.1728
0.1720
0.1712
0.1703
0.1695
0.1687
0.1679
0.1671
0.1663
0.1655
0.1647
0.1639
0.1631
0.1623
0.1615
0.1607
0.1600
0.1592
0.1584
0.1577
0.1569
0.1562
0.1554
0.1547
0.1539
0.1532
0.1524
0.1517
0.1510
0.1502
0.1495
0.1488
0.1481
0.1474
0.1467
0.1460
0.1452
0.1446
0.1439
0.1432
0.1425
0.1418
0.1411
0.1404
0.1397
0.1391
0.1384
0.1377
0.1371
0.1364
0.1358
0.1351
0.1345
0.1338
0.1332
0.1325
0.1319
0.1312
0.1306
0.1300
0.1294
0.1287
0.1281
0.1275
0.1269
0.1263
0.1257
0.1251
0.1245
0.1239
0.1233
0.1227
0.1221
0.1215
0.1209
0.1203
0.1197
0.1192
0.1186
0.1180
0.1175
0.1169
0.1163
0.1158
0.1152
0.1147
0.1141
0.1136
0.1130
0.1125
0.1119
0.1114
0.1108
0.1103
0.1098
0.1093
0.1087
0.1082
0.1077
0.1072
0.1066
0.1061
0.1056
0.1051
0.1046
0.1041
0.1036
0.1031
0.1026
0.1021
0.1016
0.1011
0.1006
0.1002
0.0997
0.0992
0.0987
0.0982
0.0978
0.0973
0.0968
0.0964
0.0959
0.0954
0.0950
0.0945
0.0941
0.0936
0.0932
0.0927
0.0923
0.0918
0.0914
0.0909
0.0905
0.0901
0.0896
0.0892
0.0888
0.0883
0.0879
0.0875
0.0871
0.0867
0.0862
0.0858
0.0854
0.0850
0.0846
0.0842
0.0838
0.0834
0.0830
0.0826
0.0822
0.0818
0.0814
0.0810
0.0806
0.0802
0.0798
0.0794
0.0791
0.0787
0.0783
0.0779
0.0776
0.0772
0.0768
0.0764
0.0761
0.0757
0.0753
0.0750
0.0746
0.0743
0.0739
0.0735
0.0732
0.0728
0.0725
0.0721
0.0718
0.0714
0.0711
0.0708
0.0704
0.0701
0.0697
0.0694
0.0691
0.0687
0.0684
0.0681
0.0677
0.0674
0.0671
0.0668
0.0665
0.0661
0.0658
0.0655
0.0652
0.0649
0.0646
0.0642
0.0639
0.0636
0.0633
0.0630
0.0627
0.0624
0.0621
0.0618
0.0615
0.0612
0.0609
0.0606
0.0603
0.0600
0.0598
0.0595
0.0592
0.0589
0.0586
0.0583
0.0581
0.0578
0.0575
0.0572
0.0569
0.0567
0.0564
0.0561
0.0559
0.0556
0.0553
0.0551
0.0548
0.0545
0.0543
0.0540
0.0537
0.0535
0.0532
0.0530
0.0527
0.0525
0.0522
0.0520
0.0517
0.0515
0.0512
0.0510
0.0507
0.0505
0.0502
0.0500
0.0497
0.0495
0.0493
0.0490
0.0488
0.0486
0.0483
0.0481
0.0479
0.0476
0.0474
0.0472
0.0469
0.0467
0.0465
0.0463
0.0460
0.0458
0.0456
0.0454
0.0452
0.0449
0.0447
0.0445
0.0443
0.0441
0.0439
0.0437
0.0435
0.0432
0.0430
0.0428
0.0426
0.0424
0.0422
0.0420
0.0418
0.0416
0.0414
0.0412
0.0410
0.0408
0.0406
0.0404
0.0402
0.0400
0.0398
0.0396
0.0395
0.0393
0.0391
0.0389
0.0387
0.0385
0.0383
0.0381
0.0380
0.0378
0.0376
0.0374
0.0372
0.0371
0.0369
0.0367
0.0365
0.0363
0.0362
0.0360
0.0358
0.0357
0.0355
0.0353
0.0351
0.0350
0.0348
0.0346
0.0345
0.0343
0.0341
0.0340
0.0338
0.0336
0.0335
0.0333
0.0332
0.0330
0.0328
0.0327
0.0325
0.0324
0.0322
0.0321
0.0319
0.0318
0.0316
0.0314
0.0313
0.0311
0.0310
0.0308
0.0307
0.0305
0.0304
0.0303
0.0301
0.0300
0.0298
0.0297
0.0295
0.0294
0.0293
0.0291
0.0290
0.0288
0.0287
0.0286
0.0284
0.0283
0.0281
0.0280
0.0279
0.0277
0.0276
0.0275
0.0273
0.0272
0.0271
0.0269
0.0268
0.0267
0.0266
0.0264
0.0263
0.0262
0.0261
0.0259
0.0258
0.0257
0.0256
0.0254
0.0253
0.0252
0.0251
0.0249
0.0248
0.0247
0.0246
0.0245
0.0243
0.0242
0.0241
0.0240
0.0239
0.0238
0.0237
0.0235
0.0234
0.0233
0.0232
0.0231
0.0230
0.0229
0.0228
0.0226
0.0225
0.0224
0.0223
0.0222
0.0221
0.0220
0.0219
0.0218
0.0217
0.0216
0.0215
0.0214
0.0213
0.0212
0.0211
0.0210
0.0209
0.0208
0.0207
0.0206
0.0205
0.0204
0.0203
0.0202
0.0201
0.0200
0.0199
0.0198
0.0197
0.0196
0.0195
0.0194
0.0193
0.0192
0.0191
0.0190
0.0189
0.0189
0.0188
0.0187
0.0186
0.0185
0.0184
0.0183
0.0182
0.0181
0.0181
0.0180
0.0179
0.0178
0.0177
0.0176
0.0175
0.0175
0.0174
0.0173
0.0172
0.0171
0.0170
0.0170
0.0169
0.0168
0.0167
0.0166
0.0165
0.0165
0.0164
0.0163
0.0162
0.0162
0.0161
0.0160
0.0159
0.0158
0.0158
0.0157
0.0156
0.0155
0.0155
0.0154
0.0153
0.0152
0.0152
0.0151
0.0150
0.0150
0.0149
0.0148
0.0147
0.0147
0.0146
0.0145
0.0145
0.0144
0.0143
0.0142
0.0142
0.0141
0.0140
0.0140
0.0139
0.0138
0.0138
0.0137
0.0136
0.0136
0.0135
0.0134
0.0134
0.0133
0.0133
0.0132
0.0131
0.0131
0.0130
0.0129
0.0129
0.0128
0.0128
0.0127
0.0126
0.0126
0.0125
0.0124
0.0124
0.0123
0.0123
0.0122
0.0122
0.0121
0.0120
0.0120
0.0119
0.0119
0.0118
0.0117
0.0117
0.0116
0.0116
0.0115
0.0115
0.0114
0.0114
0.0113
0.0112
0.0112
0.0111
0.0111
0.0110
0.0110
0.0109
0.0109
0.0108
0.0108
0.0107
0.0107
0.0106
0.0106
0.0105
0.0105
0.0104
0.0104
0.0103
0.0103
0.0102
0.0102
0.0101
0.0101
0.0100
0.0100
0.0099
0.0099
0.0098
0.0098
0.0097
0.0097
0.0096
0.0096
0.0095
0.0095
0.0095
0.0094
0.0094
0.0093
0.0093
0.0092
0.0092
0.0091
0.0091
0.0091
0.0090
0.0090
0.0089
0.0089
0.0088
0.0088
0.0088
0.0087
0.0087
0.0086
0.0086
0.0085
0.0085
0.0085
0.0084
0.0084
0.0083
0.0083
0.0083
0.0082
0.0082
0.0081
0.0081
0.0081
0.0080
0.0080
0.0079
0.0079
0.0079
0.0078
0.0078
0.0078
0.0077
0.0077
0.0076
0.0076
0.0076
0.0075
0.0075
0.0075
0.0074
0.0074
0.0074
0.0073
0.0073
0.0072
0.0072
0.0072
0.0071
0.0071
0.0071
0.0070
0.0070
0.0070
0.0069
0.0069
0.0069
0.0068
0.0068
0.0068
0.0067
0.0067
0.0067
0.0066
0.0066
0.0066
0.0066
0.0065
0.0065
0.0065
0.0064
0.0064
0.0064
0.0063
0.0063
0.0063
0.0062
0.0062
0.0062
0.0062
0.0061
0.0061
0.0061
0.0060
0.0060
0.0060
0.0059
0.0059
0.0059
0.0059
0.0058
0.0058
0.0058
0.0058
0.0057
0.0057
0.0057
0.0056
0.0056
0.0056
0.0056
0.0055
0.0055
0.0055
0.0055
0.0054
0.0054
0.0054
0.0053
0.0053
0.0053
0.0053
0.0052
0.0052
0.0052
0.0052
0.0051
0.0051
0.0051
0.0051
0.0050
0.0050
0.0050
0.0050
0.0050
0.0049
0.0049
0.0049
0.0049
0.0048
0.0048
0.0048
0.0048
0.0047
0.0047
0.0047
0.0047
0.0046
0.0046
0.0046
0.0046
0.0046
0.0045
0.0045
0.0045
0.0045
0.0045
0.0044
0.0044
0.0044
0.0044
0.0043
0.0043
0.0043
0.0043
0.0043
0.0042
0.0042
0.0042
0.0042
0.0042
0.0041
0.0041
0.0041
0.0041
0.0041
0.0040
0.0040
0.0040
0.0040
0.0040
0.0039
0.0039
0.0039
0.0039
0.0039
0.0039
0.0038
0.0038
0.0038
0.0038
0.0038
0.0037
0.0037
0.0037
0.0037
0.0037
0.0037
0.0036
0.0036
0.0036
0.0036
0.0036
0.0035
0.0035
0.0035
0.0035
0.0035
0.0035
0.0034
0.0034
0.0034
0.0034
0.0034
0.0034
0.0033
0.0033
0.0033
0.0033
0.0033
0.0033
0.0033
0.0032
0.0032
0.0032
0.0032
0.0032
0.0032
0.0031
0.0031
0.0031
0.0031
0.0031
0.0031
0.0031
0.0030
0.0030
0.0030
0.0030
0.0030
0.0030
0.0030
0.0029
0.0029
0.0029
0.0029
0.0029
0.0029
0.0029
0.0028
0.0028
0.0028
0.0028
0.0028
0.0028
0.0028
0.0027
0.0027
0.0027
0.0027
0.0027
0.0027
0.0027
0.0027
0.0026
0.0026
0.0026
0.0026
0.0026
0.0026
0.0026
0.0026
0.0025
0.0025
0.0025
0.0025
0.0025
0.0025
0.0025
0.0025
0.0024
0.0024
0.0024
0.0024
0.0024
0.0024
0.0024
0.0024
0.0024
0.0023
0.0023
0.0023
0.0023
0.0023
0.0023
0.0023
0.0023
0.0023
0.0022
0.0022
0.0022
0.0022
0.0022
0.0022
0.0022
0.0022
0.0022
0.0021
0.0021
0.0021
0.0021
0.0021
0.0021
0.0021
0.0021
0.0021
0.0021
0.0020
0.0020
0.0020
0.0020
0.0020
0.0020
0.0020
0.0020
0.0020
0.0020
0.0020
0.0019
0.0019
0.0019
0.0019
0.0019
0.0019
0.0019
0.0019
0.0019
0.0019
0.0018
0.0018
0.0018
0.0018
0.0018
0.0018
0.0018
0.0018
0.0018
0.0018
0.0018
0.0018
0.0017
0.0017
0.0017
0.0017
0.0017
0.0017
0.0017
0.0017
0.0017
0.0017
0.0017
0.0017
0.0016
0.0016
0.0016
0.0016
0.0016
0.0016
0.0016
0.0016
0.0016
0.0016
0.0016
0.0016
0.0016
0.0015
0.0015
0.0015
0.0015
0.0015
0.0015
0.0015
0.0015
0.0015
0.0015
0.0015
0.0015
0.0015
0.0015
0.0014
0.0014
0.0014
0.0014
0.0014
0.0014
0.0014
0.0014
0.0014
0.0014
0.0014
0.0014
0.0014
0.0014
0.0014
0.0013
0.0013
0.0013
0.0013
0.0013
0.0013
0.0013
0.0013
0.0013
0.0013
0.0013
0.0013
0.0013
0.0013
0.0013
0.0013
0.0012
0.0012
0.0012
0.0012
0.0012
0.0012
0.0012
0.0012
0.0012
0.0012
0.0012
0.0012
0.0012
0.0012
0.0012
0.0012
0.0012
0.0011
0.0011
0.0011
0.0011
0.0011
0.0011
0.0011
0.0011
0.0011
0.0011
0.0011
0.0011
0.0011
0.0011
0.0011
0.0011
0.0011
0.0011
0.0011
0.0010
0.0010
0.0010
0.0010
0.0010
0.0010
0.0010
0.0010
0.0010
0.0010
0.0010
0.0010
0.0010
0.0010
0.0010
0.0010
0.0010
0.0010
0.0010
0.0010
0.0010
0.0009
0.0009
0.0009
0.0009
0.0009
0.0009
0.0009
0.0009
0.0009
0.0009
0.0009
0.0009
0.0009
0.0009
0.0009
0.0009
0.0009
0.0009
0.0009
0.0009
0.0009
0.0009
0.0009
0.0008
0.0008
0.0008
0.0008
0.0008
0.0008
0.0008
0.0008
0.0008
0.0008
0.0008
0.0008
0.0008
0.0008
0.0008
0.0008
0.0008
0.0008
0.0008
0.0008
0.0008
0.0008
0.0008
0.0008
0.0008
0.0007
0.0007
0.0007
0.0007
0.0007
0.0007
0.0007
0.0007
0.0007
0.0007
0.0007
0.0007
0.0007
0.0007
0.0007
0.0007
0.0007
0.0007
0.0007
0.0007
0.0007
0.0007
0.0007
0.0007
0.0007
0.0007
0.0007
0.0007
0.0007
0.0007
0.0006
0.0006
0.0006
0.0006
0.0006
0.0006
0.0006
0.0006
0.0006
0.0006
0.0006
0.0006
0.0006
0.0006
0.0006
0.0006
0.0006
0.0006
0.0006
0.0006
0.0006
0.0006
0.0006
0.0006
0.0006
0.0006
0.0006
0.0006
0.0006
0.0006
0.0006
0.0006
0.0006
0.0006
0.0006
0.0005
0.0005
0.0005
0.0005
0.0005
0.0005
0.0005
0.0005
0.0005
0.0005
0.0005
0.0005
0.0005
0.0005
0.0005
0.0005
0.0005
0.0005
0.0005
0.0005
0.0005
0.0005
0.0005
0.0005
0.0005
0.0005
0.0005
0.0005
0.0005
0.0005
0.0005
0.0005
0.0005
0.0005
0.0005
0.0005
0.0005
0.0005
0.0005
0.0005
0.0005
0.0004
0.0004
0.0004
0.0004
0.0004
0.0004
0.0004
0.0004
0.0004
0.0004
0.0004
0.0004
0.0004
0.0004
0.0004
0.0004
0.0004
0.0004
0.0004
0.0004
0.0004
0.0004
0.0004
0.0004
0.0004
0.0004
0.0004
0.0004
0.0004
0.0004
0.0004
0.0004
0.0004
0.0004
0.0004
0.0004
0.0004
0.0004
0.0004
0.0004
0.0004
0.0004
0.0004
0.0004
0.0004
0.0004
0.0004
0.0004
0.0004
0.0004
0.0004
0.0004
0.0003
0.0003
0.0003
0.0003
0.0003
0.0003
0.0003
0.0003
0.0003
0.0003
0.0003
0.0003
0.0003
0.0003
0.0003
0.0003
0.0003
0.0003
0.0003
0.0003
0.0003
0.0003
0.0003
0.0003
0.0003
0.0003
0.0003
0.0003
0.0003
0.0003
0.0003
0.0003
0.0003
0.0003
0.0003
0.0003
0.0003
0.0003
0.0003
0.0003
0.0003
0.0003
0.0003
0.0003
0.0003
0.0003
0.0003
0.0003
0.0003
0.0003
0.0003
0.0003
0.0003
0.0003
0.0003
0.0003
0.0003
0.0003
0.0003
0.0003
0.0003
0.0003
0.0003
0.0003
0.0003
0.0003
0.0003
0.0003
0.0003
0.0003
0.0002
0.0002
0.0002
0.0002
0.0002
0.0002
0.0002
0.0002
0.0002
0.0002
0.0002
0.0002
0.0002
0.0002
0.0002
0.0002
0.0002
0.0002
0.0002
0.0002
0.0002
0.0002
0.0002
0.0002
0.0002
0.0002
0.0002
0.0002
0.0002
0.0002
0.0002
0.0002
0.0002
0.0002
0.0002
0.0002
0.0002
0.0002
0.0002
0.0002
0.0002
0.0002
0.0002
0.0002
0.0002
0.0002
0.0002
0.0002
0.0002
0.0002
0.0002
0.0002
0.0002
0.0002
0.0002
0.0002
0.0002
0.0002
0.0002
0.0002
0.0002
0.0002
0.0002
0.0002
0.0002
0.0002
0.0002
0.0002
0.0002
0.0002
0.0002
0.0002
0.0002
0.0002
0.0002
0.0002
0.0002
0.0002
0.0002
0.0002
0.0002
0.0002
0.0002
0.0002
0.0002
0.0002
0.0002
0.0002
0.0002
0.0002
0.0002
0.0002
0.0002
0.0002
0.0002
0.0002
0.0002
0.0002
0.0002
0.0002
0.0002
0.0002
0.0002
0.0002
0.0002
0.0002
0.0001
0.0001
0.0001
0.0001
0.0001
0.0001
0.0001
0.0001
0.0001
0.0001
0.0001
0.0001
0.0001
0.0001
0.0001
0.0001
0.0001
0.0001
0.0001
0.0001
0.0001
0.0001
0.0001
0.0001
0.0001
0.0001
0.0001
0.0001
0.0001
0.0001
0.0001
0.0001
0.0001
0.0001
0.0001
0.0001
0.0001
0.0001
0.0001
0.0001
0.0001
0.0001
0.0001
0.0001
0.0001
0.0001
0.0001
0.0001
0.0001
0.0001
0.0001
0.0001
0.0001
0.0001
0.0001
0.0001
0.0001
0.0001
0.0001
0.0001
0.0001
0.0001
0.0001
0.0001
0.0001
0.0001
0.0001
0.0001
0.0001
0.0001
0.0001
0.0001
0.0001
0.0001
0.0001
0.0001
0.0001
0.0001
0.0001
0.0001
0.0001
0.0001
0.0001
0.0001
0.0001
0.0001
0.0001
0.0001
0.0001
0.0001
0.0001
0.0001
0.0001
0.0001
0.0001
0.0001
0.0001
0.0001
0.0001
0.0001
0.0001
0.0001
0.0001
0.0001
0.0001
0.0001
0.0001
0.0001
0.0001
0.0001
0.0001
0.0001
0.0001
0.0001
0.0001
0.0001
0.0001
0.0001
0.0001
0.0001
0.0001
0.0001
0.0001
0.0001
0.0001
0.0001
0.0001
0.0001
0.0001
0.0001
0.0001
0.0001
0.0001
0.0001
0.0001
0.0001
0.0001
0.0001
0.0001
0.0001
0.0001
0.0001
0.0001
0.0001
0.0001
0.0001
0.0001
0.0001
0.0001
0.0001
0.0001
0.0001
0.0001
0.0001
0.0001
0.0001
0.0001
0.0001
0.0001
0.0001
0.0001
0.0001
0.0001
0.0001
0.0001
0.0001
0.0001
0.0001
0.0001
0.0001
0.0001
0.0001
0.0001
0.0001
0.0001
0.0001
0.0001
0.0001
0.0001
0.0001
0.0001
0.0001
0.0001
0.0001
0.0001
0.0001
0.0001
0.0001
0.0001
0.0001
0.0001
0.0001
0.0001
0.0001
0.0001
0.0001
0.0001
0.0001
0.0001
0.0001
0.0001
0.0001
0.0001
0.0001
0.0001
0.0001
0.0001
0.0001
0.0001
0.0001
0.0001
0.0001
0.0001
0.0001
0.0001
0.0001
0.0001
0.0001
0.0001
0.0001
0.0001
0.0001
0.0001
0.0001
0.0001
0.0001
0.0001
0.0001
0.0000
0.0000
0.0000
0.0000
0.0000
0.0000
0.0000
0.0000
0.0000
0.0000
0.0000
0.0000
0.0000
0.0000
0.0000
0.0000
0.0000
0.0000
0.0000
0.0000
0.0000
0.0000
0.0000
0.0000
0.0000
0.0000
0.0000
0.0000
0.0000
0.0000
0.0000
0.0000
0.0000
0.0000
0.0000
0.0000
0.0000
0.0000
0.0000
0.0000
0.0000
0.0000
0.0000
0.0000
0.0000
0.0000
0.0000
0.0000
0.0000
0.0000
0.0000
0.0000
0.0000
0.0000
0.0000
0.0000
0.0000
0.0000
0.0000
0.0000
0.0000
0.0000
0.0000
0.0000
0.0000
0.0000
0.0000
0.0000
0.0000
0.0000
0.0000
0.0000
0.0000
0.0000
0.0000
0.0000
0.0000
0.0000
0.0000
0.0000
0.0000
0.0000
0.0000
0.0000
0.0000
0.0000
0.0000
0.0000
0.0000
0.0000
0.0000
0.0000
0.0000
0.0000
0.0000
0.0000
0.0000
0.0000
0.0000
0.0000
0.0000
0.0000
0.0000
0.0000
0.0000
0.0000
0.0000
0.0000
0.0000
0.0000
0.0000
0.0000
0.0000
0.0000
0.0000
0.0000
0.0000
0.0000
0.0000
0.0000
0.0000
0.0000
0.0000
0.0000
0.0000
0.0000
0.0000
0.0000
0.0000
0.0000
0.0000
0.0000
0.0000
0.0000
0.0000
0.0000
0.0000
0.0000
0.0000
0.0000
0.0000
0.0000
0.0000
0.0000
0.0000
0.0000
0.0000
0.0000
0.0000
0.0000
0.0000
0.0000
0.0000
0.0000
0.0000
0.0000
0.0000
0.0000
0.0000
0.0000
0.0000
0.0000
0.0000
0.0000
0.0000
0.0000
0.0000
0.0000
0.0000
0.0000
0.0000
0.0000
0.0000
0.0000
0.0000
0.0000
0.0000
0.0000
0.0000
0.0000
0.0000
0.0000
0.0000
0.0000
0.0000
0.0000
0.0000
0.0000
0.0000
0.0000
0.0000
0.0000
0.0000
0.0000
0.0000
0.0000
0.0000
0.0000
0.0000
0.0000
0.0000
0.0000
0.0000
0.0000
0.0000
0.0000
0.0000
0.0000
0.0000
0.0000
0.0000
0.0000
0.0000
0.0000
0.0000
0.0000
0.0000
0.0000
0.0000
0.0000
0.0000
0.0000
0.0000
0.0000
0.0000
0.0000
0.0000
0.0000
0.0000
0.0000
0.0000
0.0000
0.0000
0.0000
0.0000
0.0000
0.0000
0.0000
0.0000
0.0000
0.0000
0.0000
0.0000
0.0000
0.0000
0.0000
0.0000
0.0000
0.0000
0.0000
0.0000
0.0000
0.0000
0.0000
0.0000
0.0000
0.0000
0.0000
0.0000
0.0000
0.0000
0.0000
0.0000
0.0000
0.0000
0.0000
0.0000
0.0000
0.0000
0.0000
0.0000
0.0000
0.0000
0.0000
0.0000
0.0000
0.0000
0.0000
0.0000
0.0000
0.0000
0.0000
0.0000
0.0000
0.0000
0.0000
0.0000
0.0000
0.0000
0.0000
0.0000
0.0000
0.0000
0.0000
0.0000
0.0000
0.0000
0.0000
0.0000
0.0000
0.0000
0.0000
0.0000
0.0000
0.0000
0.0000
0.0000
0.0000
0.0000
0.0000
0.0000
0.0000
0.0000
0.0000
0.0000
0.0000
0.0000
0.0000
0.0000
0.0000
0.0000
0.0000
0.0000
0.0000
0.0000
0.0000
0.0000
0.0000
0.0000
0.0000
0.0000
0.0000
0.0000
0.0000
