         0.0000             100.0000             100.0000
         0.3125             100.0304             100.0305
         0.6250             100.2440             100.2441
         0.9375             100.8237             100.8240
         1.2500             101.9528             101.9531
         1.5625             103.8143             103.8147
         1.8750             106.5914             106.5918
         2.1875             110.4671             110.4675
         2.5000             115.6246             115.6250
         2.8125             122.2469             122.2473
         3.1250             130.5172             130.5176
         3.4375             140.6185             140.6189
         3.7500             152.7341             152.7344
         4.0625             167.0469             167.0471
         4.3750             183.7401             183.7402
         4.6875             202.9967             202.9968
         5.0000             225.0000             225.0000
