0 90
0.00390625 89.9018
0.0078125 89.8037
0.0117188 89.7055
0.015625 89.6074
0.0195312 89.5092
0.0234375 89.4111
0.0273438 89.313
0.03125 89.215
0.0351562 89.1169
0.0390625 89.0189
0.0429688 88.9209
0.046875 88.823
0.0507812 88.7251
0.0546875 88.6272
0.0585938 88.5294
0.0625 88.4317
0.0664062 88.3339
0.0703125 88.2363
0.0742188 88.1387
0.078125 88.0411
0.0820312 87.9436
0.0859375 87.8462
0.0898438 87.7489
0.09375 87.6516
0.0976562 87.5544
0.101562 87.4573
0.105469 87.3602
0.109375 87.2633
0.113281 87.1664
0.117188 87.0696
0.121094 86.9729
0.125 86.8763
0.128906 86.7798
0.132812 86.6834
0.136719 86.5871
0.140625 86.4909
0.144531 86.3948
0.148438 86.2988
0.152344 86.2029
0.15625 86.1072
0.160156 86.0115
0.164062 85.916
0.167969 85.8206
0.171875 85.7254
0.175781 85.6302
0.179688 85.5352
0.183594 85.4404
0.1875 85.3456
0.191406 85.251
0.195312 85.1566
0.199219 85.0623
0.203125 84.9681
0.207031 84.8741
0.210938 84.7802
0.214844 84.6865
0.21875 84.5929
0.222656 84.4995
0.226562 84.4063
0.230469 84.3132
0.234375 84.2203
0.238281 84.1275
0.242188 84.035
0.246094 83.9426
0.25 83.8503
0.253906 83.7583
0.257812 83.6664
0.261719 83.5747
0.265625 83.4832
0.269531 83.3918
0.273438 83.3007
0.277344 83.2097
0.28125 83.1189
0.285156 83.0284
0.289062 82.938
0.292969 82.8478
0.296875 82.7578
0.300781 82.668
0.304688 82.5784
0.308594 82.489
0.3125 82.3998
0.316406 82.3108
0.320312 82.222
0.324219 82.1334
0.328125 82.045
0.332031 81.9569
0.335938 81.8689
0.339844 81.7812
0.34375 81.6937
0.347656 81.6064
0.351562 81.5193
0.355469 81.4325
0.359375 81.3458
0.363281 81.2594
0.367188 81.1732
0.371094 81.0872
0.375 81.0015
0.378906 80.916
0.382812 80.8307
0.386719 80.7456
0.390625 80.6608
0.394531 80.5762
0.398438 80.4919
0.402344 80.4077
0.40625 80.3238
0.410156 80.2402
0.414062 80.1567
0.417969 80.0735
0.421875 79.9906
0.425781 79.9079
0.429688 79.8254
0.433594 79.7431
0.4375 79.6611
0.441406 79.5794
0.445312 79.4978
0.449219 79.4166
0.453125 79.3355
0.457031 79.2547
0.460938 79.1742
0.464844 79.0939
0.46875 79.0138
0.472656 78.9339
0.476562 78.8544
0.480469 78.775
0.484375 78.6959
0.488281 78.6171
0.492188 78.5385
0.496094 78.4601
0.5 78.382
0.503906 78.3041
0.507812 78.2264
0.511719 78.149
0.515625 78.0719
0.519531 77.995
0.523438 77.9183
0.527344 77.8419
0.53125 77.7657
0.535156 77.6898
0.539062 77.6141
0.542969 77.5386
0.546875 77.4634
0.550781 77.3885
0.554688 77.3137
0.558594 77.2392
0.5625 77.165
0.566406 77.091
0.570312 77.0172
0.574219 76.9436
0.578125 76.8703
0.582031 76.7973
0.585938 76.7244
0.589844 76.6518
0.59375 76.5794
0.597656 76.5073
0.601562 76.4354
0.605469 76.3637
0.609375 76.2923
0.613281 76.221
0.617188 76.15
0.621094 76.0793
0.625 76.0087
0.628906 75.9384
0.632812 75.8683
0.636719 75.7984
0.640625 75.7288
0.644531 75.6593
0.648438 75.5901
0.652344 75.5211
0.65625 75.4523
0.660156 75.3837
0.664062 75.3154
0.667969 75.2472
0.671875 75.1793
0.675781 75.1115
0.679688 75.044
0.683594 74.9767
0.6875 74.9095
0.691406 74.8426
0.695312 74.7759
0.699219 74.7093
0.703125 74.643
0.707031 74.5768
0.710938 74.5109
0.714844 74.4451
0.71875 74.3795
0.722656 74.3141
0.726562 74.2489
0.730469 74.1839
0.734375 74.119
0.738281 74.0544
0.742188 73.9899
0.746094 73.9255
0.75 73.8614
0.753906 73.7974
0.757812 73.7336
0.761719 73.6699
0.765625 73.6065
0.769531 73.5431
0.773438 73.48
0.777344 73.417
0.78125 73.3541
0.785156 73.2914
0.789062 73.2288
0.792969 73.1664
0.796875 73.1042
0.800781 73.042
0.804688 72.98
0.808594 72.9182
0.8125 72.8565
0.816406 72.7949
0.820312 72.7334
0.824219 72.6721
0.828125 72.6109
0.832031 72.5498
0.835938 72.4889
0.839844 72.428
0.84375 72.3673
0.847656 72.3067
0.851562 72.2462
0.855469 72.1858
0.859375 72.1255
0.863281 72.0653
0.867188 72.0052
0.871094 71.9452
0.875 71.8853
0.878906 71.8255
0.882812 71.7657
0.886719 71.7061
0.890625 71.6465
0.894531 71.587
0.898438 71.5276
0.902344 71.4683
0.90625 71.409
0.910156 71.3498
0.914062 71.2906
0.917969 71.2316
0.921875 71.1725
0.925781 71.1136
0.929688 71.0547
0.933594 70.9958
0.9375 70.937
0.941406 70.8782
0.945312 70.8195
0.949219 70.7608
0.953125 70.7022
0.957031 70.6435
0.960938 70.5849
0.964844 70.5264
0.96875 70.4678
0.972656 70.4093
0.976562 70.3508
0.980469 70.2923
0.984375 70.2338
0.988281 70.1754
0.992188 70.1169
0.996094 70.0585
1 70
