0 90
0.0078125 89.6509
0.015625 89.302
0.0234375 88.9533
0.03125 88.6049
0.0390625 88.257
0.046875 87.9097
0.0546875 87.5631
0.0625 87.2173
0.0703125 86.8724
0.078125 86.5286
0.0859375 86.186
0.09375 85.8446
0.101562 85.5046
0.109375 85.1661
0.117188 84.8292
0.125 84.494
0.132812 84.1607
0.140625 83.8293
0.148438 83.4999
0.15625 83.1727
0.164062 82.8477
0.171875 82.525
0.179688 82.2048
0.1875 81.8872
0.195312 81.5722
0.203125 81.26
0.210938 80.9506
0.21875 80.6441
0.226562 80.3406
0.234375 80.0403
0.242188 79.7431
0.25 79.4492
0.257812 79.1587
0.265625 78.8717
0.273438 78.5881
0.28125 78.3082
0.289062 78.0319
0.296875 77.7594
0.304688 77.4907
0.3125 77.2259
0.320312 76.965
0.328125 76.7082
0.335938 76.4554
0.34375 76.2067
0.351562 75.9623
0.359375 75.722
0.367188 75.4861
0.375 75.2545
0.382812 75.0272
0.390625 74.8044
0.398438 74.5861
0.40625 74.3722
0.414062 74.1629
0.421875 73.9581
0.429688 73.758
0.4375 73.5624
0.445312 73.3715
0.453125 73.1852
0.460938 73.0036
0.46875 72.8267
0.476562 72.6546
0.484375 72.4871
0.492188 72.3243
0.5 72.1663
0.507812 72.0129
0.515625 71.8643
0.523438 71.7204
0.53125 71.5812
0.539062 71.4467
0.546875 71.3169
0.554688 71.1917
0.5625 71.0711
0.570312 70.9552
0.578125 70.8439
0.585938 70.7371
0.59375 70.6349
0.601562 70.5372
0.609375 70.4439
0.617188 70.3551
0.625 70.2706
0.632812 70.1905
0.640625 70.1147
0.648438 70.0431
0.65625 69.9757
0.664062 69.9125
0.671875 69.8533
0.679688 69.7982
0.6875 69.747
0.695312 69.6998
0.703125 69.6563
0.710938 69.6166
0.71875 69.5806
0.726562 69.5483
0.734375 69.5194
0.742188 69.4941
0.75 69.4721
0.757812 69.4535
0.765625 69.4381
0.773438 69.4258
0.78125 69.4165
0.789062 69.4103
0.796875 69.4069
0.804688 69.4063
0.8125 69.4084
0.820312 69.4131
0.828125 69.4202
0.835938 69.4298
0.84375 69.4417
0.851562 69.4558
0.859375 69.472
0.867188 69.4902
0.875 69.5103
0.882812 69.5321
0.890625 69.5557
0.898438 69.5808
0.90625 69.6073
0.914062 69.6353
0.921875 69.6645
0.929688 69.6948
0.9375 69.7261
0.945312 69.7583
0.953125 69.7914
0.960938 69.8251
0.96875 69.8594
0.976562 69.8941
0.984375 69.9292
0.992188 69.9646
1 70
