0 90
0.015625 89.3
0.03125 88.6009
0.046875 87.9037
0.0625 87.2094
0.078125 86.5187
0.09375 85.8328
0.109375 85.1524
0.125 84.4784
0.140625 83.8118
0.15625 83.1534
0.171875 82.5041
0.1875 81.8646
0.203125 81.2357
0.21875 80.6182
0.234375 80.0129
0.25 79.4204
0.265625 78.8415
0.28125 78.2767
0.296875 77.7267
0.3125 77.192
0.328125 76.6733
0.34375 76.1708
0.359375 75.6852
0.375 75.2169
0.390625 74.7661
0.40625 74.3333
0.421875 73.9187
0.4375 73.5225
0.453125 73.145
0.46875 72.7863
0.484375 72.4465
0.5 72.1257
0.515625 71.8238
0.53125 71.5408
0.546875 71.2767
0.5625 71.0314
0.578125 70.8046
0.59375 70.5961
0.609375 70.4058
0.625 70.2332
0.640625 70.0781
0.65625 69.94
0.671875 69.8186
0.6875 69.7134
0.703125 69.6238
0.71875 69.5494
0.734375 69.4895
0.75 69.4435
0.765625 69.4109
0.78125 69.3909
0.796875 69.3828
0.8125 69.3859
0.828125 69.3995
0.84375 69.4227
0.859375 69.4547
0.875 69.4948
0.890625 69.542
0.90625 69.5956
0.921875 69.6546
0.9375 69.7182
0.953125 69.7854
0.96875 69.8554
0.984375 69.9273
1 70
