117.21998
29.96881
53.44954
188.83870
130.00306
7.55887
51.93996
17.26433
18.11574
30.28336
23.19748
85.99365
42.99302
22.68434
31.30767
28.04119
89.48572
16.36004
27.46926
8.54977
1.56363
38.61414
47.67638
9.56236
194.36826
4.69095
21.02597
16.65676
93.01672
87.30073
23.45180
29.31685
8.26653
2.77099
14.18362
23.48470
68.73721
66.84522
13.63545
14.84551
7.03887
4.85487
3.64636
141.28447
12.06547
12.96075
5.73854
43.70622
3.99923
16.23647
8.20327
29.57420
12.05157
6.16796
19.52738
30.82518
21.46701
27.17974
10.65126
13.97484
10.25268
14.01947
8.90714
3.57411
23.98494
13.43978
3.93457
31.90562
8.10679
21.15646
41.64122
22.85073
62.76519
5.84259
30.03435
10.12685
8.40816
11.25880
14.70882
21.24593
6.26420
49.44330
31.99765
4.32216
88.96581
133.73887
65.28613
16.77811
6.88433
57.65354
13.42103
68.20003
24.73638
53.33747
28.68477
40.71405
20.29755
119.80561
22.80346
30.02377
132.04605
5.21866
5.63792
52.95258
6.21445
140.27730
13.28162
9.51191
137.40627
88.28011
130.00319
49.70197
8.48903
135.64822
15.36353
44.81112
51.79284
17.20139
37.11716
50.51178
29.26597
6.68990
27.06491
75.67031
10.02851
17.29410
12.99866
127.64637
39.34208
30.18852
9.30065
34.44105
10.23351
20.73515
10.63504
39.50524
35.75145
16.30874
29.84468
6.73245
4.52104
31.16799
23.72842
37.90304
217.70584
51.64945
8.06213
61.37584
5.38756
12.65959
18.76059
111.42400
9.53763
8.78953
18.20229
10.34519
61.96910
6.82143
6.37594
12.96405
12.20649
138.31477
51.90529
21.92333
5.89771
46.72891
7.38747
4.28546
65.89284
27.57591
50.44375
27.62518
47.31515
10.47482
7.14032
39.70966
8.99429
10.07896
12.73644
20.43970
14.09762
5.07867
10.55270
2.17406
37.53341
4.04686
6.65665
21.16111
9.58728
93.97367
5.51319
26.23386
19.31182
6.24578
33.89531
16.91928
43.45781
45.76429
174.72896
76.44167
13.88513
15.80965
60.31975
38.67772
38.09685
3.98702
19.60283
9.60198
26.57377
18.20779
49.90788
27.58351
44.09419
12.59854
7.81116
13.32911
19.74657
29.34587
192.34852
19.25446
7.72186
14.21103
12.63416
32.50785
4.30253
21.39724
23.48840
25.33485
11.05280
15.83271
4.83528
12.26415
11.67137
30.44891
6.32062
43.86857
89.52201
2.53455
30.76134
39.52400
10.61813
13.50052
17.58629
14.91264
14.74622
3.75841
63.58207
59.12292
8.90520
4.63472
33.82042
11.29333
23.14904
14.59489
40.10651
40.23548
9.72211
5.03612
4.12498
36.98008
6.11742
12.09974
11.06388
19.05697
2.89713
24.25878
33.91614
21.94243
14.71863
22.14032
29.93554
1.25534
142.01211
29.66872
10.46034
13.58609
32.90886
17.88381
2.63614
158.30014
17.98358
55.71073
10.05379
93.35198
26.74490
36.92334
7.06213
67.43373
40.03757
73.83599
10.71787
12.41584
201.12301
6.95864
17.53239
62.60789
22.14751
35.97966
13.47116
29.08015
5.43834
105.43880
17.84701
10.17386
39.11019
12.67055
5.28959
5.22410
40.19623
17.12307
17.57185
59.01218
6.50892
9.67284
13.66886
22.07292
19.25611
15.07613
18.88511
18.04186
9.78055
8.90851
26.43044
8.24070
6.31321
14.69795
17.15574
191.85186
9.92741
51.58654
42.40169
6.11690
43.52141
6.14795
1.40611
36.83025
3.46984
31.52984
10.13494
105.58864
58.46974
12.76381
10.09623
5.96508
12.92389
15.17493
13.94759
23.49303
35.82054
28.49289
9.35449
4.76934
78.61259
10.07998
10.46155
11.92707
3.18016
12.45380
12.43288
37.35095
40.38495
20.16142
51.00116
28.21814
19.77301
23.59248
16.59907
13.53326
15.36768
6.50121
26.58751
7.44004
46.60143
15.65110
21.10468
32.91198
38.21830
4.17609
16.33151
48.43288
3.67625
29.58538
2.10525
7.22461
20.87663
3.83161
7.49690
4.60971
104.39011
23.67046
35.42048
16.07596
14.10555
3.98894
15.00169
9.37932
47.36691
62.87206
87.05836
47.11314
11.03802
6.58045
43.23555
28.68266
3.42623
28.65941
45.35497
21.30465
16.69228
8.95625
4.72783
44.71451
14.74473
15.90341
113.60428
39.82525
29.10253
23.15155
91.83513
112.12220
50.88179
35.95343
2.47291
22.73082
17.63513
22.06413
51.57547
1.29735
11.36670
26.30882
12.59317
4.87000
47.89272
26.49277
7.60568
27.51736
45.67658
20.19212
44.72644
21.72058
13.52813
6.30019
18.43165
24.39292
48.22284
17.90164
31.73486
7.65522
9.18316
17.98631
6.99623
45.61551
31.91673
26.55175
28.18822
151.56939
12.56777
2.22234
24.51537
19.09443
11.97093
7.54715
12.94631
24.07896
12.14823
224.18098
7.68673
9.08734
2.03680
25.82865
2.67405
11.71120
15.24619
9.87762
114.30527
54.29295
75.12376
8.31101
62.09057
32.98329
43.44110
56.22935
8.09492
13.14028
47.58873
1.41112
91.22492
34.92253
19.18821
25.04083
7.17114
14.15484
60.35745
73.55416
297.74102
18.65427
10.39627
12.01032
7.25694
18.58111
29.45113
19.40940
60.12026
15.89150
14.19017
11.23160
3.92500
4.18804
6.17706
73.80512
49.16885
79.43699
5.30043
2.80492
10.38065
23.94642
33.07211
57.28118
26.68975
114.74001
16.07707
8.06006
3.73886
8.25673
25.58786
8.25880
51.25138
82.46119
1.87839
47.65809
2.13912
30.00905
68.36565
21.43138
5.58626
11.18495
15.46152
16.73923
16.39708
17.99542
24.86547
5.99800
15.76796
91.67605
13.67206
12.88629
59.03894
1.55397
65.45603
10.67705
23.66338
22.11644
51.54567
15.36981
10.19578
73.54120
1.88858
20.49814
5.21779
9.37856
150.09324
19.20949
24.41188
3.38190
9.68865
24.44822
28.63866
37.22150
20.25958
34.02189
31.61975
3.22283
20.84274
43.28917
36.22972
13.95923
8.97438
6.56458
17.61844
62.36972
2.85250
10.38236
6.42501
44.03380
11.53851
12.54550
16.16827
31.35561
13.56660
0.95491
34.58126
31.15713
16.12642
6.79348
28.55352
29.34833
12.55309
16.17179
7.92358
16.80054
4.26128
30.48756
7.81177
25.48533
4.92359
11.13332
17.98451
3.81637
22.53676
13.74744
3.51712
5.45623
36.78610
49.18339
17.60339
30.10712
25.12450
27.92781
72.67402
4.45043
39.50632
13.70816
16.05052
14.84629
13.80254
5.89323
24.12718
106.79841
18.98914
20.05774
10.10167
17.85932
32.01378
13.87041
12.75848
30.06208
8.02046
25.85481
45.61889
78.25311
18.34979
78.85394
56.50956
7.41709
5.94209
14.80606
56.20105
18.68485
11.01593
94.84492
26.75990
1.97271
27.58192
33.78580
25.16889
31.49132
18.77872
5.37417
13.86401
7.80203
7.90313
5.67989
31.57890
22.15130
12.83062
10.49251
19.62054
59.09786
2.70685
29.27918
11.63814
3.05083
2.86996
8.06244
25.01585
29.75696
7.85396
55.53542
83.34457
29.84707
11.11835
61.83189
42.75113
47.81825
10.41801
1.17992
166.79925
4.01132
19.37981
217.18409
27.95446
51.89625
4.47096
3.39510
11.79054
59.78470
14.20722
9.07355
24.48271
59.26004
4.73537
5.98620
9.12786
60.01763
25.40184
169.38147
51.23617
19.39286
71.17046
24.81621
9.92522
39.64540
10.01089
15.02331
75.77608
18.15087
8.99671
12.62479
55.80093
11.55894
13.64167
12.05775
24.14133
13.66052
4.04776
8.27153
7.90275
69.63863
45.27133
36.13491
12.11739
8.88361
12.09125
7.01549
244.00785
2.12693
35.30443
5.55916
18.09538
7.47824
6.18651
6.42248
116.16204
17.58439
9.33992
35.01536
20.29449
41.26579
3.24055
27.21053
43.49712
3.81294
31.44359
109.52815
19.78932
45.66837
39.27430
9.89960
20.90037
4.19128
12.79043
26.19813
41.39253
20.58602
41.26372
6.66649
18.14333
20.47653
127.68819
16.21332
12.19448
20.51900
8.01157
24.35541
13.94254
3.34904
18.94260
14.62097
3.92583
18.78138
89.06407
33.82850
37.03736
5.25144
32.35920
23.29991
34.09140
30.64988
5.15630
19.27096
9.41335
19.10435
8.18742
74.62461
8.50818
8.17481
21.64093
6.84077
13.13574
8.75859
82.36595
44.07108
18.96377
13.58251
51.46581
30.12044
33.05102
19.56628
3.71274
17.94899
11.79305
38.28489
55.24857
10.40253
32.08489
113.96359
10.30148
107.97738
8.56269
20.55203
19.86291
20.31783
8.69130
11.12080
10.30140
27.85361
27.93932
186.03677
79.12185
12.06317
27.79537
54.44102
20.70969
18.73434
21.14863
47.81200
8.59929
14.50264
32.15067
27.42478
25.52307
13.87653
53.11906
169.67218
30.15695
16.55724
42.76587
11.71497
9.49067
20.75545
1.51771
6.33475
14.18292
5.18936
7.15175
12.97795
3.88466
13.38224
11.76030
20.60235
63.69997
23.86718
20.51307
22.18584
25.21383
7.26640
17.90759
27.35095
5.10000
47.73443
59.22691
10.68268
15.77872
8.34623
40.42225
6.95025
16.07914
8.50862
21.13550
3.33933
75.67604
7.65526
21.32531
16.23999
9.37349
8.26657
51.23375
11.87410
26.34215
9.01151
10.51517
32.20904
50.92778
16.85561
4.84564
148.11012
8.52882
4.29913
268.92286
13.40956
4.65651
10.14073
29.00722
24.29600
8.57003
124.30318
11.92242
6.14300
52.49371
75.87315
8.86851
4.94636
56.28557
2.59264
5.89072
52.84939
19.00396
15.42613
28.58313
17.23988
5.48114
71.95748
75.56657
24.66370
21.01285
208.43449
15.23457
15.49354
28.91849
87.47228
98.76771
15.50911
27.33946
5.06278
14.70259
8.66862
7.33875
107.94013
9.09490
11.80348
28.95807
73.53969
32.49594
317.14374
18.64041
26.01612
26.45911
84.35629
33.35604
17.88157
7.78743
25.64743
81.56048
13.32468
34.08794
25.69118
47.63271
8.98221
209.90332
5.58922
13.93563
51.32062
27.02421
46.06190
12.23007
18.63786
20.33273
96.47266
40.06203
44.55267
10.40279
52.92536
25.16821
80.57153
150.51461
14.77940
13.37914
8.46513
17.39913
13.70793
28.77493
17.38197
13.99081
58.24074
7.86262
30.97276
13.38398
41.44505
80.25921
14.83370
31.21919
24.01774
9.03023
25.55384
26.81927
30.35226
16.47100
22.06941
6.37503
14.03966
