0	0	0
0.05	0.000124557	0.00497092
0.1	0.000495904	0.00986758
0.15	0.00110973	0.0146661
0.2	0.00196054	0.0193433
0.25	0.0030417	0.0238764
0.3	0.00434545	0.0282435
0.35	0.00586297	0.0324234
0.4	0.00758437	0.0363958
0.45	0.00949879	0.0401413
0.5	0.0115944	0.0436415
0.55	0.0138586	0.0468791
0.6	0.0162777	0.0498379
0.65	0.0188375	0.0525028
0.7	0.0215229	0.0548601
0.75	0.0243182	0.0568972
0.8	0.0272071	0.0586029
0.85	0.0301728	0.0599674
0.9	0.033198	0.0609821
0.95	0.0362651	0.06164
1	0.039356	0.0619355
1.05	0.0424525	0.0618645
1.1	0.0455362	0.0614242
1.15	0.0485887	0.0606134
1.2	0.0515914	0.0594324
1.25	0.0545258	0.0578831
1.3	0.0573736	0.0559686
1.35	0.0601166	0.0536936
1.4	0.062737	0.0510645
1.45	0.0652172	0.0480887
1.5	0.0675402	0.0447753
1.55	0.0696893	0.0411348
1.6	0.0716484	0.0371788
1.65	0.0734021	0.0329205
1.7	0.0749356	0.0283741
1.75	0.0762349	0.0235553
1.8	0.0772868	0.0184806
1.85	0.0780789	0.013168
1.9	0.0785998	0.00763609
1.95	0.0788391	0.0019048
2	0.0787873	-0.00400522
2.05	0.0784359	-0.0100725
2.1	0.0777777	-0.0162747
2.15	0.0768065	-0.022589
2.2	0.0755173	-0.0289919
2.25	0.0739062	-0.0354594
2.3	0.0719706	-0.041967
2.35	0.0697091	-0.0484902
2.4	0.0671216	-0.0550039
2.45	0.0642092	-0.0614829
2.5	0.0609743	-0.0679023
2.55	0.0574204	-0.0742367
2.6	0.0535524	-0.0804612
2.65	0.0493764	-0.086551
2.7	0.0448999	-0.0924815
2.75	0.0401313	-0.0982286
2.8	0.0350804	-0.103768
2.85	0.0297582	-0.109078
2.9	0.0241768	-0.114134
2.95	0.0183493	-0.118916
3	0.0122901	-0.123401
3.05	0.00601443	-0.12757
3.1	-0.000461354	-0.131403
3.15	-0.00711999	-0.134881
3.2	-0.0139433	-0.137987
3.25	-0.0209123	-0.140705
3.3	-0.028007	-0.143018
3.35	-0.0352071	-0.144913
3.4	-0.0424911	-0.146376
3.45	-0.0498373	-0.147396
3.5	-0.0572232	-0.147963
3.55	-0.0646259	-0.148067
3.6	-0.072022	-0.147701
3.65	-0.079388	-0.146858
3.7	-0.0866998	-0.145534
3.75	-0.0939332	-0.143725
3.8	-0.101064	-0.141429
3.85	-0.108068	-0.138648
3.9	-0.114921	-0.135381
3.95	-0.121598	-0.131633
4	-0.128076	-0.127407
4.05	-0.134331	-0.122711
4.1	-0.140339	-0.117552
4.15	-0.146078	-0.111939
4.2	-0.151526	-0.105885
4.25	-0.15666	-0.0994021
4.3	-0.161459	-0.0925048
4.35	-0.165903	-0.0852092
4.4	-0.169973	-0.0775331
4.45	-0.173651	-0.0694956
4.5	-0.176917	-0.0611172
4.55	-0.179757	-0.0524201
4.6	-0.182154	-0.0434274
4.65	-0.184095	-0.0341638
4.7	-0.185566	-0.0246549
4.75	-0.186557	-0.0149275
4.8	-0.187056	-0.00500938
4.85	-0.187055	0.00507086
4.9	-0.186546	0.0152838
4.95	-0.185525	0.0255994
5	-0.183985	0.0359871
5.05	-0.181925	0.0464158
5.1	-0.179343	0.0568542
5.15	-0.17624	0.0672707
5.2	-0.172617	0.0776337
5.25	-0.168478	0.0879115
5.3	-0.163828	0.0980727
5.35	-0.158673	0.108086
5.4	-0.153022	0.117921
5.45	-0.146884	0.127546
5.5	-0.140271	0.136932
5.55	-0.133196	0.146049
5.6	-0.125671	0.154869
5.65	-0.117714	0.163365
5.7	-0.109341	0.171508
5.75	-0.100569	0.179272
5.8	-0.09142	0.186634
5.85	-0.0819132	0.193567
5.9	-0.0720708	0.20005
5.95	-0.061916	0.206059
6	-0.051473	0.211575
6.05	-0.040767	0.216577
6.1	-0.0298242	0.221047
6.15	-0.0186715	0.224967
6.2	-0.00733688	0.228321
6.25	0.00415098	0.231095
6.3	0.0157627	0.233274
6.35	0.0274683	0.234848
6.4	0.0392372	0.235804
6.45	0.0510382	0.236134
6.5	0.0628399	0.235829
6.55	0.0746104	0.234884
6.6	0.0863176	0.233294
6.65	0.097929	0.231056
6.7	0.109412	0.228168
6.75	0.120735	0.22463
6.8	0.131864	0.220445
6.85	0.142769	0.215616
6.9	0.153415	0.210148
6.95	0.163773	0.20405
7	0.17381	0.197332
7.05	0.183496	0.190003
7.1	0.1928	0.182079
7.15	0.201694	0.173574
7.2	0.210148	0.164507
7.25	0.218135	0.154896
7.3	0.225629	0.144763
7.35	0.232603	0.134132
7.4	0.239034	0.123029
7.45	0.244899	0.11148
7.5	0.250175	0.0995155
7.55	0.254843	0.0871662
7.6	0.258886	0.0744646
7.65	0.262284	0.061445
7.7	0.265025	0.0481429
7.75	0.267095	0.034595
7.8	0.268481	0.0208395
7.85	0.269175	0.00691516
7.9	0.26917	-0.00713835
7.95	0.26846	-0.0212807
8	0.267041	-0.0354712
8.05	0.264913	-0.0496688
8.1	0.262075	-0.0638326
8.15	0.25853	-0.0779215
8.2	0.254284	-0.0918948
8.25	0.249343	-0.105712
8.3	0.243716	-0.119334
8.35	0.237414	-0.132722
8.4	0.230448	-0.145837
8.45	0.222835	-0.158643
8.5	0.21459	-0.171102
8.55	0.205731	-0.183182
8.6	0.196278	-0.194848
8.65	0.186254	-0.206068
8.7	0.175679	-0.216811
8.75	0.164581	-0.227047
8.8	0.152984	-0.23675
8.85	0.140915	-0.245892
8.9	0.128404	-0.254448
8.95	0.11548	-0.262396
9	0.102175	-0.269712
9.05	0.0885199	-0.276377
9.1	0.0745484	-0.282371
9.15	0.0602943	-0.287677
9.2	0.0457924	-0.292277
9.25	0.0310785	-0.296159
9.3	0.0161888	-0.299307
9.35	0.00116024	-0.30171
9.4	-0.0139696	-0.303357
9.45	-0.0291627	-0.30424
9.5	-0.0443807	-0.304349
9.55	-0.0595846	-0.30368
9.6	-0.0747355	-0.302227
9.65	-0.0897941	-0.299987
9.7	-0.104721	-0.296959
9.75	-0.119477	-0.293142
9.8	-0.134022	-0.288539
9.85	-0.148318	-0.283154
9.9	-0.162324	-0.276993
9.95	-0.176004	-0.270063
10	-0.189318	-0.262374
10.05	-0.202229	-0.253939
10.1	-0.2147	-0.244773
10.15	-0.226694	-0.234891
10.2	-0.238177	-0.224313
10.25	-0.249114	-0.213061
10.3	-0.259472	-0.20116
10.35	-0.269219	-0.188635
10.4	-0.278326	-0.175516
10.45	-0.286761	-0.161835
10.5	-0.2945	-0.147625
10.55	-0.301516	-0.132923
10.6	-0.307785	-0.117767
10.65	-0.313285	-0.102198
10.7	-0.317998	-0.0862591
10.75	-0.321905	-0.0699935
10.8	-0.324992	-0.0534474
10.85	-0.327246	-0.0366682
10.9	-0.328656	-0.0197041
10.95	-0.329214	-0.00260436
11	-0.328915	0.0145811
11.05	-0.327755	0.0318021
11.1	-0.325735	0.0490082
11.15	-0.322855	0.0661491
11.2	-0.319121	0.0831749
11.25	-0.31454	0.100036
11.3	-0.309121	0.116685
11.35	-0.302876	0.133073
11.4	-0.295819	0.149156
11.45	-0.287966	0.164887
11.5	-0.279336	0.180224
11.55	-0.269951	0.195125
11.6	-0.259832	0.209551
11.65	-0.249004	0.223465
11.7	-0.237494	0.23683
11.75	-0.225331	0.249612
11.8	-0.212543	0.261781
11.85	-0.199163	0.273306
11.9	-0.185224	0.284159
11.95	-0.170759	0.294315
12	-0.155804	0.303749
12.05	-0.140396	0.312441
12.1	-0.124573	0.320368
12.15	-0.108372	0.327513
12.2	-0.0918346	0.333859
12.25	-0.075	0.339389
12.3	-0.0579095	0.344091
12.35	-0.0406049	0.347951
12.4	-0.0231285	0.350959
12.45	-0.00552333	0.353104
12.5	0.0121674	0.354379
12.55	0.0298999	0.354776
12.6	0.0476302	0.354289
12.65	0.065314	0.352915
12.7	0.0829068	0.35065
12.75	0.100364	0.347493
12.8	0.117641	0.343445
12.85	0.134694	0.338508
12.9	0.151477	0.332685
12.95	0.167947	0.325983
13	0.184061	0.31841
13.05	0.199774	0.309975
13.1	0.215044	0.300692
13.15	0.229829	0.290575
13.2	0.244088	0.279641
13.25	0.25778	0.267912
13.3	0.270866	0.255409
13.35	0.283308	0.24216
13.4	0.29507	0.228192
13.45	0.306116	0.213537
13.5	0.316412	0.198231
13.55	0.325928	0.18231
13.6	0.334634	0.165814
13.65	0.342501	0.148788
13.7	0.349504	0.131277
13.75	0.355621	0.113328
13.8	0.36083	0.094992
13.85	0.365114	0.0763218
13.9	0.368457	0.0573711
13.95	0.370847	0.0381957
14	0.372274	0.0188522
14.05	0.37273	-0.000601658
14.1	0.372213	-0.0201079
14.15	0.370719	-0.0396081
14.2	0.368253	-0.059044
14.25	0.364817	-0.0783581
14.3	0.36042	-0.0974933
14.35	0.355071	-0.116394
14.4	0.348785	-0.135005
14.45	0.341576	-0.153274
14.5	0.333464	-0.171151
14.55	0.324468	-0.188585
14.6	0.314613	-0.20553
14.65	0.303924	-0.221943
14.7	0.292428	-0.23778
14.75	0.280156	-0.253003
14.8	0.267139	-0.267575
14.85	0.25341	-0.281461
14.9	0.239004	-0.29463
14.95	0.223959	-0.307052
15	0.208312	-0.3187
15.05	0.192102	-0.32955
15.1	0.17537	-0.339579
15.15	0.158158	-0.348767
15.2	0.140508	-0.357095
15.25	0.122463	-0.364546
15.3	0.104068	-0.371106
15.35	0.0853678	-0.376762
15.4	0.0664073	-0.381501
15.45	0.0472331	-0.385314
15.5	0.0278916	-0.38819
15.55	0.00842983	-0.390122
15.6	-0.0111048	-0.391104
15.65	-0.0306646	-0.391129
15.7	-0.0502017	-0.390195
15.75	-0.069668	-0.388298
15.8	-0.0890153	-0.385436
15.85	-0.108195	-0.38161
15.9	-0.12716	-0.376821
15.95	-0.145861	-0.371072
16	-0.164251	-0.364368
16.05	-0.182282	-0.356717
16.1	-0.199907	-0.348127
16.15	-0.217079	-0.33861
16.2	-0.233753	-0.328179
16.25	-0.249882	-0.316852
16.3	-0.265423	-0.304647
16.35	-0.280333	-0.291587
16.4	-0.294568	-0.277698
16.45	-0.308089	-0.263008
16.5	-0.320856	-0.247549
16.55	-0.332831	-0.231356
16.6	-0.34398	-0.214468
16.65	-0.354267	-0.196926
16.7	-0.363662	-0.178776
16.75	-0.372135	-0.160066
16.8	-0.37966	-0.140847
16.85	-0.386212	-0.121172
16.9	-0.39177	-0.101098
16.95	-0.396316	-0.0806841
17	-0.399833	-0.0599898
17.05	-0.402311	-0.0390775
17.1	-0.403738	-0.0180104
17.15	-0.40411	0.00314753
17.2	-0.403423	0.0243317
17.25	-0.401677	0.0454777
17.3	-0.398876	0.0665214
17.35	-0.395027	0.0873994
17.4	-0.39014	0.108049
17.45	-0.384227	0.128411
17.5	-0.377305	0.148425
17.55	-0.369391	0.168034
17.6	-0.360509	0.187185
17.65	-0.350681	0.205824
17.7	-0.339935	0.223904
17.75	-0.3283	0.241378
17.8	-0.315808	0.258202
17.85	-0.302492	0.274336
17.9	-0.288386	0.289743
17.95	-0.27353	0.304388
18	-0.257961	0.318241
18.05	-0.241719	0.331272
18.1	-0.224848	0.343455
18.15	-0.207388	0.354768
18.2	-0.189386	0.365189
18.25	-0.170884	0.3747
18.3	-0.151931	0.383283
18.35	-0.132572	0.390925
18.4	-0.112854	0.397612
18.45	-0.0928266	0.403333
18.5	-0.0725372	0.408077
18.55	-0.0520352	0.411837
18.6	-0.0313701	0.414603
18.65	-0.0105916	0.416371
18.7	0.0102503	0.417135
18.75	0.0311051	0.41689
18.8	0.0519224	0.415634
18.85	0.0726516	0.413365
18.9	0.093242	0.410083
18.95	0.113643	0.405787
19	0.133804	0.40048
19.05	0.153674	0.394165
19.1	0.173203	0.386849
19.15	0.192342	0.378539
19.2	0.211041	0.369244
19.25	0.22925	0.358976
19.3	0.246922	0.347751
19.35	0.264009	0.335585
19.4	0.280465	0.322499
19.45	0.296244	0.308517
19.5	0.311302	0.293665
19.55	0.325596	0.277973
19.6	0.339086	0.261477
19.65	0.351731	0.244213
19.7	0.363495	0.226222
19.75	0.374342	0.207549
19.8	0.384239	0.188243
19.85	0.393156	0.168355
19.9	0.401065	0.14794
19.95	0.407942	0.127055
20	0.413764	0.105763
20.05	0.418512	0.0841241
20.1	0.422171	0.0622051
20.15	0.424729	0.0400722
20.2	0.426176	0.0177934
20.25	0.426507	-0.0045627
20.3	0.425719	-0.0269269
20.35	0.423815	-0.0492302
20.4	0.420798	-0.0714043
20.45	0.416677	-0.0933816
20.5	0.411464	-0.115096
20.55	0.405173	-0.136484
20.6	0.397822	-0.157482
20.65	0.389432	-0.178031
20.7	0.380027	-0.198075
20.75	0.369633	-0.217559
20.8	0.358281	-0.236433
20.85	0.346001	-0.254649
20.9	0.332827	-0.272162
20.95	0.318797	-0.288933
21	0.303947	-0.304923
21.05	0.288318	-0.320099
21.1	0.271951	-0.33443
21.15	0.254889	-0.347888
21.2	0.237177	-0.360447
21.25	0.21886	-0.372087
21.3	0.199984	-0.382786
21.35	0.180597	-0.392529
21.4	0.160747	-0.401299
21.45	0.140483	-0.409084
21.5	0.119855	-0.415872
21.55	0.098913	-0.421653
21.6	0.0777069	-0.426418
21.65	0.0562882	-0.430161
21.7	0.034708	-0.432874
21.75	0.013018	-0.434554
21.8	-0.00873001	-0.435194
21.85	-0.030484	-0.434793
21.9	-0.0521919	-0.433348
21.95	-0.0738014	-0.430858
22	-0.0952602	-0.427322
22.05	-0.116516	-0.422742
22.1	-0.137517	-0.41712
22.15	-0.158211	-0.41046
22.2	-0.178546	-0.402768
22.25	-0.19847	-0.394051
22.3	-0.217934	-0.38432
22.35	-0.236885	-0.373585
22.4	-0.255276	-0.361863
22.45	-0.273055	-0.349171
22.5	-0.290177	-0.335529
22.55	-0.306593	-0.320962
22.6	-0.322258	-0.305498
22.65	-0.337128	-0.289167
22.7	-0.35116	-0.272005
22.75	-0.364315	-0.25405
22.8	-0.376553	-0.235346
22.85	-0.387837	-0.215938
22.9	-0.398135	-0.195877
22.95	-0.407415	-0.175216
23	-0.415648	-0.154014
23.05	-0.422808	-0.13233
23.1	-0.428873	-0.110227
23.15	-0.433824	-0.0877727
23.2	-0.437645	-0.0650339
23.25	-0.440324	-0.0420808
23.3	-0.441851	-0.0189843
23.35	-0.442221	0.00418348
23.4	-0.441432	0.0273504
23.45	-0.439487	0.0504442
23.5	-0.43639	0.0733936
23.55	-0.432151	0.0961282
23.6	-0.426781	0.118579
23.65	-0.420298	0.14068
23.7	-0.41272	0.162366
23.75	-0.404069	0.183576
23.8	-0.394371	0.20425
23.85	-0.383654	0.224335
23.9	-0.371948	0.243776
23.95	-0.359288	0.262528
24	-0.345708	0.280543
24.05	-0.331246	0.297782
24.1	-0.315943	0.314206
24.15	-0.299839	0.329782
24.2	-0.282979	0.34448
24.25	-0.265406	0.358271
24.3	-0.247167	0.371132
24.35	-0.228309	0.383042
24.4	-0.208879	0.393981
24.45	-0.188927	0.403934
24.5	-0.168502	0.412886
24.55	-0.147655	0.420826
24.6	-0.126437	0.427742
24.65	-0.104898	0.433627
24.7	-0.0830913	0.438472
24.75	-0.0610683	0.442271
24.8	-0.0388817	0.44502
24.85	-0.016584	0.446712
24.9	0.00577187	0.447346
24.95	0.0281329	0.446917
25	0.0504458	0.445426
25.05	0.0726576	0.44287
25.1	0.094715	0.439249
25.15	0.116565	0.434566
25.2	0.138154	0.428822
25.25	0.159429	0.422021
25.3	0.180338	0.414169
25.35	0.200829	0.405273
25.4	0.220848	0.395344
25.45	0.240346	0.384392
25.5	0.25927	0.372433
25.55	0.277572	0.359484
25.6	0.295203	0.345566
25.65	0.312113	0.330703
25.7	0.328257	0.314922
25.75	0.34359	0.298255
25.8	0.358068	0.280737
25.85	0.37165	0.262407
25.9	0.384296	0.243308
25.95	0.395969	0.223488
26	0.406633	0.202997
26.05	0.416258	0.181891
26.1	0.424813	0.160227
26.15	0.432272	0.138068
26.2	0.438612	0.115479
26.25	0.443814	0.0925265
26.3	0.44786	0.0692811
26.35	0.450738	0.0458142
26.4	0.452438	0.0221991
26.45	0.452956	-0.00149054
26.5	0.452289	-0.0251802
26.55	0.450439	-0.0487959
26.6	0.447411	-0.072264
26.65	0.443216	-0.0955123
26.7	0.437865	-0.11847
26.75	0.431374	-0.141069
26.8	0.423765	-0.163243
26.85	0.415058	-0.184928
26.9	0.405281	-0.206065
26.95	0.394461	-0.226597
27	0.382632	-0.24647
27.05	0.369826	-0.265637
27.1	0.35608	-0.28405
27.15	0.341434	-0.301669
27.2	0.325927	-0.318456
27.25	0.309603	-0.334376
27.3	0.292504	-0.349399
27.35	0.274678	-0.363498
27.4	0.25617	-0.376649
27.45	0.237029	-0.388831
27.5	0.217303	-0.400026
27.55	0.197043	-0.410218
27.6	0.176299	-0.419394
27.65	0.155121	-0.427541
27.7	0.133562	-0.434652
27.75	0.111673	-0.440717
27.8	0.0895075	-0.445729
27.85	0.0671178	-0.449683
27.9	0.0445569	-0.452573
27.95	0.0218782	-0.454397
28	-0.00086494	-0.455151
28.05	-0.023619	-0.454833
28.1	-0.0463303	-0.453441
28.15	-0.0689451	-0.450974
28.2	-0.0914098	-0.447433
28.25	-0.113671	-0.442819
28.3	-0.135674	-0.437134
28.35	-0.157366	-0.430382
28.4	-0.178694	-0.422568
28.45	-0.199605	-0.4137
28.5	-0.220047	-0.403786
28.55	-0.239966	-0.392837
28.6	-0.259313	-0.380869
28.65	-0.278036	-0.367897
28.7	-0.296086	-0.353942
28.75	-0.313414	-0.339027
28.8	-0.329973	-0.32318
28.85	-0.345717	-0.306431
28.9	-0.360602	-0.288814
28.95	-0.374584	-0.270369
29	-0.387625	-0.251138
29.05	-0.399686	-0.231168
29.1	-0.41073	-0.210511
29.15	-0.420726	-0.18922
29.2	-0.429642	-0.167355
29.25	-0.437453	-0.144977
29.3	-0.444132	-0.122153
29.35	-0.449661	-0.0989492
29.4	-0.454022	-0.0754371
29.45	-0.457201	-0.051689
29.5	-0.459188	-0.0277789
29.55	-0.459977	-0.00378192
29.6	-0.459565	0.0202266
29.65	-0.457955	0.0441711
29.7	-0.45515	0.067977
29.75	-0.45116	0.0915705
29.8	-0.445998	0.11488
29.85	-0.439678	0.137834
29.9	-0.432221	0.160367
29.95	-0.423649	0.182413
30	-0.413988	0.203912
30.05	-0.403268	0.224805
30.1	-0.391519	0.245039
30.15	-0.378775	0.264562
30.2	-0.365075	0.283329
30.25	-0.350456	0.301297
30.3	-0.334959	0.318427
30.35	-0.318627	0.334685
30.4	-0.301505	0.35004
30.45	-0.283639	0.364465
30.5	-0.265075	0.377935
30.55	-0.245861	0.390429
30.6	-0.226048	0.401929
30.65	-0.205685	0.41242
30.7	-0.184823	0.421887
30.75	-0.163514	0.430321
30.8	-0.141808	0.437711
30.85	-0.11976	0.44405
30.9	-0.097421	0.449331
30.95	-0.0748446	0.453548
31	-0.052084	0.456698
31.05	-0.0291927	0.458776
31.1	-0.00622436	0.45978
31.15	0.0167673	0.459707
31.2	0.0397283	0.458556
31.25	0.0626049	0.456327
31.3	0.085343	0.45302
31.35	0.107889	0.448635
31.4	0.130188	0.443174
31.45	0.152188	0.436642
31.5	0.173835	0.429042
31.55	0.195075	0.420382
31.6	0.215855	0.410669
31.65	0.236124	0.399915
31.7	0.255829	0.388132
31.75	0.27492	0.375337
31.8	0.293346	0.361548
31.85	0.311059	0.346788
31.9	0.328009	0.331083
31.95	0.344152	0.314463
32	0.359441	0.29696
32.05	0.373833	0.278613
32.1	0.387288	0.259463
32.15	0.399767	0.239556
32.2	0.411232	0.218942
32.25	0.42165	0.197676
32.3	0.430989	0.175814
32.35	0.439222	0.153419
32.4	0.446323	0.130555
32.45	0.45227	0.107289
32.5	0.457046	0.0836932
32.55	0.460635	0.059839
32.6	0.463026	0.0358007
32.65	0.464213	0.0116536
32.7	0.464191	-0.0125261
32.75	0.462961	-0.0366625
32.8	0.460526	-0.06068
32.85	0.456896	-0.0845039
32.9	0.45208	-0.108061
32.95	0.446095	-0.131281
33	0.438958	-0.154094
33.05	0.430693	-0.176435
33.1	0.421324	-0.198241
33.15	0.410879	-0.219453
33.2	0.399389	-0.240016
33.25	0.386888	-0.259877
33.3	0.373413	-0.278989
33.35	0.359002	-0.297309
33.4	0.343696	-0.314798
33.45	0.327537	-0.331418
33.5	0.310569	-0.347138
33.55	0.292838	-0.361931
33.6	0.274392	-0.375771
33.65	0.255278	-0.388636
33.7	0.235545	-0.400509
33.75	0.215243	-0.411372
33.8	0.194424	-0.421213
33.85	0.173139	-0.430019
33.9	0.15144	-0.437782
33.95	0.129379	-0.444494
34	0.107008	-0.450147
34.05	0.0843815	-0.454737
34.1	0.0615522	-0.458259
34.15	0.0385735	-0.460709
34.2	0.0154992	-0.462085
34.25	-0.00761695	-0.462384
34.3	-0.0307212	-0.461605
34.35	-0.0537595	-0.459748
34.4	-0.0766779	-0.456812
34.45	-0.0994226	-0.452798
34.5	-0.12194	-0.447708
34.55	-0.144175	-0.441544
34.6	-0.166076	-0.43431
34.65	-0.187589	-0.426014
34.7	-0.20866	-0.416661
34.75	-0.229237	-0.406262
34.8	-0.249269	-0.394829
34.85	-0.268703	-0.382377
34.9	-0.287489	-0.368923
34.95	-0.305579	-0.354488
35	-0.322922	-0.339097
35.05	-0.339473	-0.322777
35.1	-0.355185	-0.305561
35.15	-0.370014	-0.287484
35.2	-0.383919	-0.268586
35.25	-0.39686	-0.248912
35.3	-0.408798	-0.22851
35.35	-0.419699	-0.207432
35.4	-0.429531	-0.185735
35.45	-0.438263	-0.163479
35.5	-0.44587	-0.140727
35.55	-0.452328	-0.117546
35.6	-0.457618	-0.0940055
35.65	-0.461724	-0.0701774
35.7	-0.464632	-0.0461355
35.75	-0.466334	-0.0219548
35.8	-0.466826	0.00228866
35.85	-0.466105	0.0265187
35.9	-0.464175	0.0506593
35.95	-0.461042	0.0746352
36	-0.456715	0.0983726
36.05	-0.45121	0.121799
36.1	-0.444542	0.144845
36.15	-0.436732	0.167444
36.2	-0.427805	0.18953
36.25	-0.417788	0.211045
36.3	-0.406711	0.23193
36.35	-0.394607	0.252132
36.4	-0.38151	0.271603
36.45	-0.367459	0.290297
36.5	-0.352494	0.308172
36.55	-0.336656	0.325192
36.6	-0.319989	0.341324
36.65	-0.302539	0.356537
36.7	-0.284351	0.370807
36.75	-0.265474	0.384109
36.8	-0.245956	0.396425
36.85	-0.225848	0.407738
36.9	-0.205199	0.418033
36.95	-0.184062	0.427299
37	-0.162487	0.435525
37.05	-0.140527	0.442703
37.1	-0.118234	0.448826
37.15	-0.0956618	0.453889
37.2	-0.072863	0.457886
37.25	-0.049891	0.460815
37.3	-0.0267993	0.462673
37.35	-0.00364165	0.463456
37.4	0.0195283	0.463164
37.45	0.0426567	0.461795
37.5	0.0656898	0.459349
37.55	0.0885737	0.455827
37.6	0.111255	0.45123
37.65	0.133679	0.44556
37.7	0.155793	0.438821
37.75	0.177543	0.431017
37.8	0.198877	0.422156
37.85	0.219741	0.412245
37.9	0.240084	0.401296
37.95	0.259853	0.389323
38	0.278999	0.37634
38.05	0.297471	0.362367
38.1	0.315219	0.347428
38.15	0.332197	0.331547
38.2	0.348359	0.314755
38.25	0.363658	0.297086
38.3	0.378053	0.278577
38.35	0.391502	0.25927
38.4	0.403967	0.239212
38.45	0.415412	0.218453
38.5	0.425801	0.197047
38.55	0.435106	0.175053
38.6	0.443298	0.152531
38.65	0.450351	0.129548
38.7	0.456245	0.106171
38.75	0.460963	0.0824706
38.8	0.464488	0.0585202
38.85	0.466811	0.0343939
38.9	0.467925	0.0101671
38.95	0.467827	-0.014084
39	0.466518	-0.0382833
39.05	0.464001	-0.0623551
39.1	0.460285	-0.086225
39.15	0.455382	-0.10982
39.2	0.449309	-0.133069
39.25	0.442082	-0.155904
39.3	0.433726	-0.178258
39.35	0.424265	-0.200071
39.4	0.413729	-0.221283
39.45	0.402148	-0.241839
39.5	0.389556	-0.261687
39.55	0.375991	-0.280782
39.6	0.361491	-0.299079
39.65	0.346097	-0.31654
39.7	0.329851	-0.333129
39.75	0.312799	-0.348816
39.8	0.294985	-0.363573
39.85	0.276457	-0.377375
39.9	0.257264	-0.390202
39.95	0.237454	-0.402035
40	0.217077	-0.41286
40.05	0.196185	-0.422662
40.1	0.174828	-0.431432
40.15	0.153059	-0.439161
40.2	0.130929	-0.44584
40.25	0.108492	-0.451464
40.3	0.0858005	-0.456027
40.35	0.0629072	-0.459527
40.4	0.0398656	-0.461959
40.45	0.0167292	-0.463321
40.5	-0.00644858	-0.463611
40.55	-0.029614	-0.462829
40.6	-0.0527135	-0.460972
40.65	-0.0756933	-0.458042
40.7	-0.0984997	-0.454039
40.75	-0.121079	-0.448965
40.8	-0.143378	-0.442823
40.85	-0.165344	-0.435617
40.9	-0.186922	-0.427352
40.95	-0.208061	-0.418036
41	-0.228708	-0.407678
41.05	-0.248812	-0.396291
41.1	-0.26832	-0.383888
41.15	-0.287184	-0.370487
41.2	-0.305353	-0.356108
41.25	-0.322778	-0.340776
41.3	-0.339414	-0.324517
41.35	-0.355215	-0.307364
41.4	-0.370136	-0.28935
41.45	-0.384136	-0.270517
41.5	-0.397175	-0.250908
41.55	-0.409215	-0.23057
41.6	-0.42022	-0.209555
41.65	-0.430159	-0.187919
41.7	-0.439002	-0.165721
41.75	-0.446723	-0.143025
41.8	-0.453297	-0.119896
41.85	-0.458706	-0.0964045
41.9	-0.462933	-0.0726206
41.95	-0.465964	-0.0486179
42	-0.467792	-0.0244713
42.05	-0.46841	-0.000256203
42.1	-0.467817	0.0239513
42.15	-0.466016	0.0480755
42.2	-0.463012	0.0720414
42.25	-0.458815	0.0957752
42.3	-0.453439	0.119205
42.35	-0.446901	0.142261
42.4	-0.43922	0.164876
42.45	-0.430421	0.186986
42.5	-0.420531	0.20853
42.55	-0.409578	0.229452
42.6	-0.397596	0.249698
42.65	-0.38462	0.269218
42.7	-0.370687	0.287968
42.75	-0.355837	0.305906
42.8	-0.340111	0.322995
42.85	-0.323552	0.339202
42.9	-0.306205	0.354496
42.95	-0.288118	0.368853
43	-0.269336	0.382248
43.05	-0.249909	0.394663
43.1	-0.229886	0.406081
43.15	-0.209318	0.416487
43.2	-0.188255	0.425869
43.25	-0.166748	0.434218
43.3	-0.14485	0.441525
43.35	-0.122613	0.447783
43.4	-0.100089	0.452988
43.45	-0.0773319	0.457133
43.5	-0.0543937	0.460216
43.55	-0.031328	0.462235
43.6	-0.00818806	0.463185
43.65	0.0149727	0.463067
43.7	0.0381008	0.461879
43.75	0.0611427	0.459621
43.8	0.0840449	0.456292
43.85	0.106754	0.451895
43.9	0.129217	0.446431
43.95	0.151379	0.439904
44	0.173189	0.432318
44.05	0.194594	0.42368
44.1	0.21554	0.413997
44.15	0.235976	0.40328
44.2	0.25585	0.391541
44.25	0.275113	0.378796
44.3	0.293713	0.365063
44.35	0.311603	0.350363
44.4	0.328734	0.334723
44.45	0.34506	0.31817
44.5	0.360536	0.300737
44.55	0.375119	0.28246
44.6	0.388768	0.263382
44.65	0.401444	0.243546
44.7	0.413111	0.223001
44.75	0.423733	0.201801
44.8	0.433281	0.180002
44.85	0.441724	0.157665
44.9	0.449039	0.134854
44.95	0.455203	0.111636
45	0.460197	0.0880808
45.05	0.464006	0.0642595
45.1	0.466619	0.0402461
45.15	0.468028	0.0161154
45.2	0.468229	-0.00805714
45.25	0.467223	-0.0321958
45.3	0.465011	-0.0562254
45.35	0.461603	-0.0800714
45.4	0.457008	-0.103661
45.45	0.451242	-0.126923
45.5	0.444322	-0.149789
45.55	0.43627	-0.172193
45.6	0.427111	-0.194073
45.65	0.416873	-0.215368
45.7	0.405585	-0.236024
45.75	0.393281	-0.255989
45.8	0.379998	-0.275215
45.85	0.365773	-0.293658
45.9	0.350646	-0.311279
45.95	0.334659	-0.328041
46	0.317856	-0.343913
46.05	0.300283	-0.358867
46.1	0.281985	-0.372877
46.15	0.263011	-0.385922
46.2	0.243409	-0.397984
46.25	0.223229	-0.409047
46.3	0.202521	-0.419097
46.35	0.181337	-0.428122
46.4	0.159726	-0.436115
46.45	0.137742	-0.443066
46.5	0.115437	-0.44897
46.55	0.0928629	-0.453822
46.6	0.0700725	-0.457617
46.65	0.0471189	-0.460352
46.7	0.0240551	-0.462024
46.75	0.000934273	-0.462632
46.8	-0.0221903	-0.462173
46.85	-0.0452652	-0.460648
46.9	-0.0682373	-0.458056
46.95	-0.091053	-0.454398
47	-0.113659	-0.449675
47.05	-0.136003	-0.443889
47.1	-0.15803	-0.437045
47.15	-0.17969	-0.429147
47.2	-0.200928	-0.420202
47.25	-0.221692	-0.410219
47.3	-0.241932	-0.399208
47.35	-0.261596	-0.387183
47.4	-0.280634	-0.374161
47.45	-0.298996	-0.36016
47.5	-0.316633	-0.345202
47.55	-0.3335	-0.329315
47.6	-0.34955	-0.312528
47.65	-0.364738	-0.294874
47.7	-0.379023	-0.276391
47.75	-0.392364	-0.257121
47.8	-0.404723	-0.237111
47.85	-0.416063	-0.21641
47.9	-0.426353	-0.195071
47.95	-0.43556	-0.173154
48	-0.443659	-0.150719
48.05	-0.450624	-0.127831
48.1	-0.456435	-0.104557
48.15	-0.461074	-0.0809678
48.2	-0.464528	-0.0571351
48.25	-0.466785	-0.0331328
48.3	-0.467839	-0.00903547
48.35	-0.467688	0.0150814
48.4	-0.466332	0.0391424
48.45	-0.463775	0.063073
48.5	-0.460027	0.0867992
48.55	-0.4551	0.110249
48.6	-0.449008	0.133352
48.65	-0.441771	0.156041
48.7	-0.433411	0.178251
48.75	-0.423955	0.199921
48.8	-0.413429	0.220992
48.85	-0.401866	0.241411
48.9	-0.3893	0.261126
48.95	-0.375766	0.280092
49	-0.361303	0.298266
49.05	-0.345953	0.315609
49.1	-0.329757	0.332087
49.15	-0.312759	0.347669
49.2	-0.295005	0.362328
49.25	-0.276542	0.37604
49.3	-0.257417	0.388784
49.35	-0.23768	0.400543
49.4	-0.217379	0.411302
49.45	-0.196566	0.421047
49.5	-0.175292	0.429769
49.55	-0.153607	0.437458
49.6	-0.131563	0.444107
49.65	-0.109213	0.44971
49.7	-0.0866097	0.454262
49.75	-0.0638047	0.45776
49.8	-0.0408513	0.4602
49.85	-0.0178024	0.46158
49.9	0.00528895	0.461897
49.95	0.0283696	0.461152
50	0.0513864	0.459342
50.05	0.0742861	0.456469
50.1	0.0970155	0.452533
50.15	0.119522	0.447535
50.2	0.141751	0.441479
50.25	0.163652	0.434368
50.3	0.18517	0.426208
50.35	0.206255	0.417006
50.4	0.226854	0.406771
50.45	0.246915	0.395515
50.5	0.266388	0.383252
50.55	0.285224	0.369998
50.6	0.303372	0.355774
50.65	0.320785	0.340603
50.7	0.337417	0.324512
50.75	0.353221	0.307532
50.8	0.368155	0.289697
50.85	0.382177	0.271046
50.9	0.395247	0.251622
50.95	0.407327	0.231472
51	0.418382	0.210646
51.05	0.428381	0.189199
51.1	0.437293	0.16719
51.15	0.445091	0.144681
51.2	0.451753	0.121738
51.25	0.457258	0.0984268
51.3	0.461591	0.0748194
51.35	0.464736	0.0509877
51.4	0.466686	0.0270055
51.45	0.467435	0.00294752
51.5	0.466981	-0.0211111
51.55	0.465325	-0.0450953
51.6	0.462473	-0.0689309
51.65	0.458435	-0.0925447
51.7	0.453224	-0.115865
51.75	0.446855	-0.138823
51.8	0.439348	-0.161352
51.85	0.430727	-0.183388
51.9	0.421018	-0.20487
51.95	0.41025	-0.225742
52	0.398455	-0.24595
52.05	0.385667	-0.265445
52.1	0.371923	-0.284182
52.15	0.357262	-0.30212
52.2	0.341725	-0.31922
52.25	0.325354	-0.33545
52.3	0.308195	-0.350779
52.35	0.290292	-0.365182
52.4	0.271692	-0.378634
52.45	0.252444	-0.391118
52.5	0.232597	-0.402615
52.55	0.212199	-0.41311
52.6	0.191302	-0.422593
52.65	0.169957	-0.431051
52.7	0.148214	-0.438478
52.75	0.126126	-0.444866
52.8	0.103745	-0.45021
52.85	0.0811229	-0.454504
52.9	0.0583123	-0.457746
52.95	0.035366	-0.459931
53	0.0123368	-0.461058
53.05	-0.0107222	-0.461126
53.1	-0.033758	-0.460132
53.15	-0.0567177	-0.458077
53.2	-0.079548	-0.454961
53.25	-0.102196	-0.450785
53.3	-0.124609	-0.44555
53.35	-0.146733	-0.43926
53.4	-0.168517	-0.431919
53.45	-0.189908	-0.423532
53.5	-0.210853	-0.414108
53.55	-0.231301	-0.403656
53.6	-0.251202	-0.392189
53.65	-0.270503	-0.37972
53.7	-0.289157	-0.366267
53.75	-0.307114	-0.351851
53.8	-0.324326	-0.336496
53.85	-0.340748	-0.32023
53.9	-0.356334	-0.303085
53.95	-0.371042	-0.285095
54	-0.38483	-0.2663
54.05	-0.397659	-0.246744
54.1	-0.409492	-0.226475
54.15	-0.420295	-0.205544
54.2	-0.430036	-0.184006
54.25	-0.438686	-0.161922
54.3	-0.44622	-0.139352
54.35	-0.452614	-0.116364
54.4	-0.45785	-0.0930248
54.45	-0.461912	-0.0694057
54.5	-0.464787	-0.0455791
54.55	-0.466467	-0.0216188
54.6	-0.466948	0.00240062
54.65	-0.466227	0.0264042
54.7	-0.464308	0.0503172
54.75	-0.461198	0.0740659
54.8	-0.456905	0.0975775
54.85	-0.451445	0.120781
54.9	-0.444833	0.143609
54.95	-0.437091	0.165994
55	-0.428242	0.187874
55.05	-0.418313	0.209189
55.1	-0.407333	0.229884
55.15	-0.395335	0.249905
55.2	-0.382354	0.269206
55.25	-0.368427	0.28774
55.3	-0.353594	0.305469
55.35	-0.337894	0.322355
55.4	-0.321372	0.338366
55.45	-0.304073	0.353472
55.5	-0.286041	0.367649
55.55	-0.267323	0.380874
55.6	-0.247969	0.393127
55.65	-0.228027	0.404393
55.7	-0.207547	0.414657
55.75	-0.186578	0.423907
55.8	-0.165173	0.432135
55.85	-0.143382	0.43933
55.9	-0.121257	0.445488
55.95	-0.0988505	0.450603
56	-0.0762143	0.454669
56.05	-0.0534011	0.457684
56.1	-0.0304636	0.459644
56.15	-0.00745436	0.460548
56.2	0.0155736	0.460394
56.25	0.0385673	0.45918
56.3	0.0614739	0.456908
56.35	0.0842404	0.453576
56.4	0.106814	0.449186
56.45	0.129141	0.44374
56.5	0.15117	0.437242
56.55	0.172848	0.429695
56.6	0.194122	0.421107
56.65	0.214941	0.411485
56.7	0.235253	0.400839
56.75	0.255008	0.389182
56.8	0.274155	0.376529
56.85	0.292644	0.362898
56.9	0.310428	0.34831
56.95	0.32746	0.332791
57	0.343692	0.316368
57.05	0.359082	0.299074
57.1	0.373585	0.280945
57.15	0.387163	0.262022
57.2	0.399775	0.242348
57.25	0.411386	0.221972
57.3	0.421961	0.200947
57.35	0.43147	0.179328
57.4	0.439884	0.157175
57.45	0.447179	0.134551
57.5	0.453333	0.111523
57.55	0.458326	0.0881584
57.6	0.462144	0.0645289
57.65	0.464775	0.0407069
57.7	0.466212	0.0167662
57.75	0.466451	-0.00721862
57.8	0.46549	-0.0311728
57.85	0.463335	-0.055022
57.9	0.459991	-0.0786927
57.95	0.455469	-0.102113
58	0.449784	-0.125212
58.05	0.442954	-0.147923
58.1	0.435	-0.170179
58.15	0.425945	-0.19192
58.2	0.415817	-0.213085
58.25	0.404646	-0.233621
58.3	0.392466	-0.253475
58.35	0.379311	-0.272601
58.4	0.365218	-0.290954
58.45	0.350229	-0.308495
58.5	0.334383	-0.325189
58.55	0.317724	-0.341003
58.6	0.300298	-0.355909
58.65	0.282149	-0.369883
58.7	0.263325	-0.382903
58.75	0.243875	-0.394949
58.8	0.223847	-0.406007
58.85	0.203291	-0.416062
58.9	0.182257	-0.425104
58.95	0.160797	-0.433122
59	0.138962	-0.440109
59.05	0.116803	-0.446059
59.1	0.0943735	-0.450966
59.15	0.0717243	-0.454826
59.2	0.0489084	-0.457635
59.25	0.0259784	-0.459391
59.3	0.00298698	-0.460091
59.35	-0.0200131	-0.459735
59.4	-0.0429688	-0.458321
59.45	-0.0658275	-0.455849
59.5	-0.0885361	-0.45232
59.55	-0.111042	-0.447734
59.6	-0.133292	-0.442095
59.65	-0.155234	-0.435405
59.7	-0.176815	-0.42767
59.75	-0.197983	-0.418896
59.8	-0.218687	-0.409091
59.85	-0.238875	-0.398266
59.9	-0.258497	-0.386434
59.95	-0.277502	-0.37361
60	-0.295841	-0.359814
60.05	-0.313467	-0.345067
60.1	-0.330332	-0.329395
60.15	-0.346392	-0.312826
60.2	-0.3616	-0.295394
60.25	-0.375917	-0.277136
60.3	-0.389301	-0.258092
60.35	-0.401713	-0.238307
60.4	-0.41312	-0.217831
60.45	-0.423486	-0.196717
60.5	-0.432781	-0.17502
60.55	-0.440979	-0.152803
60.6	-0.448054	-0.130127
60.65	-0.453985	-0.107059
60.7	-0.458754	-0.0836695
60.75	-0.462347	-0.0600281
60.8	-0.464753	-0.036208
60.85	-0.465966	-0.0122831
60.9	-0.465981	0.0116721
60.95	-0.464799	0.0355831
61	-0.462424	0.0593757
61.05	-0.458864	0.0829769
61.1	-0.454131	0.106315
61.15	-0.448238	0.12932
61.2	-0.441205	0.151925
61.25	-0.433053	0.174065
61.3	-0.423807	0.195679
61.35	-0.413495	0.216708
61.4	-0.402146	0.237099
61.45	-0.389796	0.256801
61.5	-0.376478	0.275767
61.55	-0.362232	0.293955
61.6	-0.347096	0.311325
61.65	-0.331113	0.327842
61.7	-0.314327	0.343476
61.75	-0.296781	0.358199
61.8	-0.278522	0.371987
61.85	-0.259598	0.384818
61.9	-0.240057	0.396674
61.95	-0.219947	0.40754
62	-0.199319	0.417403
62.05	-0.178224	0.426251
62.1	-0.156711	0.434076
62.15	-0.134833	0.44087
62.2	-0.112641	0.446627
62.25	-0.0901878	0.451341
62.3	-0.0675247	0.455008
62.35	-0.0447044	0.457626
62.4	-0.0217796	0.459191
62.45	0.00119707	0.459702
62.5	0.0241729	0.459157
62.55	0.0470951	0.457555
62.6	0.0699107	0.454896
62.65	0.092567	0.451181
62.7	0.115011	0.446412
62.75	0.137191	0.44059
62.8	0.159053	0.433719
62.85	0.180545	0.425806
62.9	0.201616	0.416855
62.95	0.222213	0.406877
63	0.242286	0.395882
63.05	0.261784	0.383883
63.1	0.280658	0.370897
63.15	0.298858	0.356944
63.2	0.316336	0.342044
63.25	0.333047	0.326225
63.3	0.348944	0.309517
63.35	0.363984	0.291952
63.4	0.378125	0.273569
63.45	0.391328	0.254408
63.5	0.403554	0.234517
63.55	0.414768	0.213943
63.6	0.424937	0.192742
63.65	0.434032	0.17097
63.7	0.442025	0.148688
63.75	0.448893	0.125959
63.8	0.454615	0.102852
63.85	0.459173	0.0794347
63.9	0.462554	0.0557789
63.95	0.464747	0.0319575
64	0.465748	0.00804427
64.05	0.465551	-0.0158862
64.1	0.46416	-0.0397596
64.15	0.461577	-0.0635019
64.2	0.457812	-0.0870405
64.25	0.452877	-0.110304
64.3	0.446788	-0.133223
64.35	0.439562	-0.155731
64.4	0.431222	-0.177764
64.45	0.421794	-0.199261
64.5	0.411306	-0.220165
64.55	0.399788	-0.240422
64.6	0.387275	-0.259982
64.65	0.373802	-0.278799
64.7	0.359408	-0.296832
64.75	0.344132	-0.314043
64.8	0.328018	-0.330396
64.85	0.311107	-0.345861
64.9	0.293447	-0.360412
64.95	0.275082	-0.374024
65	0.25606	-0.386678
65.05	0.23643	-0.398355
65.1	0.216241	-0.40904
65.15	0.195543	-0.418722
65.2	0.174386	-0.427388
65.25	0.152821	-0.43503
65.3	0.1309	-0.44164
65.35	0.108674	-0.447214
65.4	0.0861958	-0.451745
65.45	0.0635171	-0.455229
65.5	0.0406904	-0.457665
65.55	0.0177682	-0.459048
65.6	-0.0051968	-0.459377
65.65	-0.0281519	-0.458651
65.7	-0.0510442	-0.456869
65.75	-0.0738211	-0.454031
65.8	-0.0964296	-0.450137
65.85	-0.118817	-0.44519
65.9	-0.140931	-0.439193
65.95	-0.162719	-0.432148
66	-0.184128	-0.424062
66.05	-0.205108	-0.414941
66.1	-0.225605	-0.404794
66.15	-0.24557	-0.393634
66.2	-0.264952	-0.381474
66.25	-0.283701	-0.36833
66.3	-0.301768	-0.354222
66.35	-0.319107	-0.339174
66.4	-0.33567	-0.323212
66.45	-0.351413	-0.306366
66.5	-0.366293	-0.288671
66.55	-0.380267	-0.270165
66.6	-0.393296	-0.25089
66.65	-0.405343	-0.230892
66.7	-0.416374	-0.210222
66.75	-0.426355	-0.188934
66.8	-0.435258	-0.167086
66.85	-0.443055	-0.144739
66.9	-0.449724	-0.121957
66.95	-0.455244	-0.0988083
67	-0.4596	-0.0753617
67.05	-0.462776	-0.0516889
67.1	-0.464766	-0.027863
67.15	-0.465561	-0.00395794
67.2	-0.465161	0.0199518
67.25	-0.463567	0.043792
67.3	-0.460784	0.0674889
67.35	-0.456821	0.09097
67.4	-0.451691	0.114165
67.45	-0.44541	0.137004
67.5	-0.437998	0.159421
67.55	-0.429476	0.181353
67.6	-0.419871	0.20274
67.65	-0.409212	0.223525
67.7	-0.397529	0.243655
67.75	-0.384858	0.263082
67.8	-0.371233	0.281758
67.85	-0.356695	0.299644
67.9	-0.341283	0.316702
67.95	-0.325039	0.332898
68	-0.308007	0.348202
68.05	-0.290234	0.362589
68.1	-0.271764	0.376034
68.15	-0.252646	0.388517
68.2	-0.232929	0.400023
68.25	-0.21266	0.410535
68.3	-0.191892	0.420041
68.35	-0.170673	0.428531
68.4	-0.149056	0.435997
68.45	-0.127091	0.442431
68.5	-0.10483	0.447827
68.55	-0.0823253	0.452181
68.6	-0.0596292	0.455488
68.65	-0.036794	0.457746
68.7	-0.0138722	0.458952
68.75	0.00908362	0.459105
68.8	0.0320207	0.458202
68.85	0.0548862	0.456245
68.9	0.0776275	0.453231
68.95	0.100192	0.449164
69	0.122526	0.444043
69.05	0.144578	0.437873
69.1	0.166296	0.430657
69.15	0.187627	0.422401
69.2	0.208519	0.413113
69.25	0.228921	0.402801
69.3	0.248782	0.391478
69.35	0.268052	0.379158
69.4	0.286681	0.365858
69.45	0.304621	0.351598
69.5	0.321825	0.336403
69.55	0.338246	0.320299
69.6	0.35384	0.303317
69.65	0.368564	0.285492
69.7	0.382376	0.266864
69.75	0.395237	0.247474
69.8	0.407111	0.227371
69.85	0.417963	0.206604
69.9	0.427761	0.185229
69.95	0.436476	0.163304
70	0.444083	0.140891
70.05	0.450558	0.118054
70.1	0.455882	0.094862
70.15	0.460039	0.071384
70.2	0.463017	0.0476921
70.25	0.464806	0.0238594
70.3	0.465401	-4.0094e-05
70.35	0.464801	-0.023932
70.4	0.463009	-0.0477421
70.45	0.460029	-0.071397
70.5	0.455873	-0.0948244
70.55	0.450552	-0.117954
70.6	0.444083	-0.140717
70.65	0.436487	-0.163048
70.7	0.427786	-0.184884
70.75	0.418008	-0.206165
70.8	0.40718	-0.226836
70.85	0.395335	-0.246844
70.9	0.382507	-0.26614
70.95	0.368733	-0.284681
71	0.354052	-0.302425
71.05	0.338504	-0.319335
71.1	0.322133	-0.335379
71.15	0.304981	-0.350527
71.2	0.287095	-0.364753
71.25	0.268521	-0.378035
71.3	0.249308	-0.390354
71.35	0.229502	-0.401691
71.4	0.209155	-0.412034
71.45	0.188316	-0.42137
71.5	0.167035	-0.429688
71.55	0.145364	-0.436981
71.6	0.123354	-0.443242
71.65	0.101057	-0.448464
71.7	0.0785249	-0.452644
71.75	0.0558101	-0.455777
71.8	0.0329647	-0.457861
71.85	0.0100415	-0.458893
71.9	-0.0129069	-0.458871
71.95	-0.0358279	-0.457795
72	-0.0586687	-0.455663
72.05	-0.0813766	-0.452477
72.1	-0.103899	-0.448237
72.15	-0.126183	-0.442944
72.2	-0.148176	-0.436603
72.25	-0.169825	-0.429218
72.3	-0.19108	-0.420793
72.35	-0.211887	-0.411338
72.4	-0.232197	-0.400862
72.45	-0.251957	-0.389377
72.5	-0.271118	-0.376898
72.55	-0.28963	-0.363442
72.6	-0.307446	-0.349031
72.65	-0.324517	-0.333689
72.7	-0.340799	-0.317443
72.75	-0.356247	-0.300325
72.8	-0.370818	-0.282371
72.85	-0.38447	-0.26362
72.9	-0.397167	-0.244116
72.95	-0.40887	-0.223906
73	-0.419546	-0.203041
73.05	-0.429164	-0.181579
73.1	-0.437695	-0.159576
73.15	-0.445113	-0.137096
73.2	-0.451397	-0.114203
73.25	-0.456527	-0.0909668
73.3	-0.460489	-0.0674563
73.35	-0.463269	-0.0437438
73.4	-0.464861	-0.0199027
73.45	-0.465258	0.00399291
73.5	-0.464461	0.0278687
73.55	-0.462473	0.0516507
73.6	-0.459299	0.0752656
73.65	-0.45495	0.0986413
73.7	-0.44944	0.121708
73.75	-0.442785	0.144397
73.8	-0.435007	0.166644
73.85	-0.426129	0.188386
73.9	-0.416177	0.209565
73.95	-0.405182	0.230124
74	-0.393176	0.250012
74.05	-0.380193	0.269182
74.1	-0.36627	0.287589
74.15	-0.351447	0.305193
74.2	-0.335765	0.321959
74.25	-0.319266	0.337853
74.3	-0.301994	0.352847
74.35	-0.283996	0.366916
74.4	-0.265318	0.380038
74.45	-0.246009	0.392193
74.5	-0.226115	0.403365
74.55	-0.205689	0.413541
74.6	-0.184778	0.422708
74.65	-0.163435	0.430856
74.7	-0.14171	0.437979
74.75	-0.119654	0.444068
74.8	-0.0973201	0.449118
74.85	-0.0747596	0.453125
74.9	-0.052025	0.456085
74.95	-0.0291686	0.457996
75	-0.00624292	0.458855
75.05	0.0166993	0.45866
75.1	0.0396055	0.457411
75.15	0.0624228	0.455107
75.2	0.0850985	0.451748
75.25	0.10758	0.447336
75.3	0.129814	0.441872
75.35	0.15175	0.43536
75.4	0.173333	0.427805
75.45	0.194513	0.419213
75.5	0.215237	0.409591
75.55	0.235455	0.39895
75.6	0.255115	0.387303
75.65	0.274168	0.374665
75.7	0.292565	0.361054
75.75	0.310258	0.346491
75.8	0.327199	0.331001
75.85	0.343343	0.314613
75.9	0.358645	0.297359
75.95	0.373064	0.279275
76	0.386559	0.260401
76.05	0.399092	0.240781
76.1	0.410626	0.220464
76.15	0.421127	0.199502
76.2	0.430566	0.177951
76.25	0.438913	0.15587
76.3	0.446145	0.133323
76.35	0.452238	0.110374
76.4	0.457176	0.0870923
76.45	0.460943	0.0635486
76.5	0.463527	0.0398149
76.55	0.464922	0.0159647
76.6	0.465123	-0.00792787
76.65	0.46413	-0.0317885
76.7	0.461945	-0.0555431
76.75	0.458578	-0.0791188
76.8	0.454037	-0.102444
76.85	0.448339	-0.125448
76.9	0.441499	-0.148065
76.95	0.433539	-0.170229
77	0.424484	-0.191878
77.05	0.414361	-0.212955
77.1	0.403199	-0.233404
77.15	0.391031	-0.253174
77.2	0.377893	-0.272217
77.25	0.363822	-0.290492
77.3	0.348858	-0.307958
77.35	0.33304	-0.32458
77.4	0.316414	-0.340326
77.45	0.299023	-0.355167
77.5	0.280913	-0.36908
77.55	0.262131	-0.382042
77.6	0.242724	-0.394035
77.65	0.222743	-0.405043
77.7	0.202237	-0.415052
77.75	0.181255	-0.424051
77.8	0.159848	-0.432031
77.85	0.138069	-0.438983
77.9	0.115967	-0.444901
77.95	0.093596	-0.44978
78	0.0710067	-0.453615
78.05	0.0482519	-0.456403
78.1	0.0253839	-0.458141
78.15	0.00245536	-0.458827
78.2	-0.0204812	-0.458459
78.25	-0.043373	-0.457037
78.3	-0.0661672	-0.45456
78.35	-0.0888113	-0.451029
78.4	-0.111252	-0.446444
78.45	-0.133438	-0.440809
78.5	-0.155316	-0.434126
78.55	-0.176833	-0.426401
78.6	-0.197938	-0.41764
78.65	-0.21858	-0.407851
78.7	-0.238707	-0.397046
78.75	-0.258268	-0.385236
78.8	-0.277214	-0.372438
78.85	-0.295495	-0.358671
78.9	-0.313065	-0.343956
78.95	-0.329875	-0.328318
79	-0.345881	-0.311788
79.05	-0.361039	-0.294397
79.1	-0.375307	-0.276182
79.15	-0.388644	-0.257185
79.2	-0.401013	-0.23745
79.25	-0.412378	-0.217026
79.3	-0.422705	-0.195966
79.35	-0.431964	-0.174326
79.4	-0.440128	-0.152167
79.45	-0.447173	-0.129552
79.5	-0.453077	-0.106546
79.55	-0.457822	-0.0832196
79.6	-0.461394	-0.0596425
79.65	-0.463783	-0.0358876
79.7	-0.464981	-0.0120283
79.75	-0.464985	0.0118611
79.8	-0.463795	0.0357064
79.85	-0.461416	0.0594338
79.9	-0.457855	0.0829703
79.95	-0.453123	0.106245
80	-0.447235	0.129187
80.05	-0.44021	0.151731
80.1	-0.43207	0.173812
80.15	-0.422838	0.195369
80.2	-0.412542	0.216343
80.25	-0.401214	0.236682
80.3	-0.388885	0.256333
80.35	-0.375592	0.275252
80.4	-0.361373	0.293394
80.45	-0.346266	0.310722
80.5	-0.330315	0.3272
80.55	-0.313561	0.342797
80.6	-0.29605	0.357487
80.65	-0.277828	0.371243
80.7	-0.258941	0.384046
80.75	-0.239439	0.395877
80.8	-0.21937	0.406721
80.85	-0.198784	0.416564
80.9	-0.17773	0.425395
80.95	-0.156261	0.433206
81	-0.134427	0.439988
81.05	-0.112279	0.445735
81.1	-0.0898706	0.450442
81.15	-0.0672526	0.454105
81.2	-0.0444776	0.45672
81.25	-0.0215981	0.458285
81.3	0.00133339	0.458798
81.35	0.0242641	0.458257
81.4	0.0471414	0.456661
81.45	0.0699126	0.454011
81.5	0.0925249	0.450306
81.55	0.114926	0.445549
81.6	0.137062	0.439741
81.65	0.158882	0.432887
81.7	0.180333	0.424992
81.75	0.201364	0.416061
81.8	0.221922	0.406105
81.85	0.241957	0.395134
81.9	0.261419	0.383161
81.95	0.280257	0.370203
82	0.298423	0.356279
82.05	0.315869	0.341411
82.1	0.332549	0.325626
82.15	0.348416	0.308952
82.2	0.363429	0.291424
82.25	0.377545	0.273079
82.3	0.390724	0.253958
82.35	0.402928	0.234108
82.4	0.414123	0.213576
82.45	0.424275	0.192418
82.5	0.433355	0.17069
82.55	0.441336	0.148453
82.6	0.448193	0.12577
82.65	0.453906	0.102709
82.7	0.458458	0.0793376
82.75	0.461835	0.0557278
82.8	0.464028	0.0319522
82.85	0.465029	0.00808448
82.9	0.464836	-0.0158012
82.95	0.463449	-0.0396305
83	0.460874	-0.0633298
83.05	0.457119	-0.0868265
83.1	0.452196	-0.110049
83.15	0.44612	-0.132929
83.2	0.43891	-0.1554
83.25	0.430587	-0.177397
83.3	0.421178	-0.19886
83.35	0.410711	-0.219733
83.4	0.399216	-0.23996
83.45	0.386726	-0.259493
83.5	0.373279	-0.278285
83.55	0.358911	-0.296294
83.6	0.343663	-0.313483
83.65	0.327576	-0.329818
83.7	0.310695	-0.345266
83.75	0.293065	-0.359803
83.8	0.274731	-0.373403
83.85	0.25574	-0.386046
83.9	0.236142	-0.397714
83.95	0.215985	-0.408394
84	0.195319	-0.41807
84.05	0.174195	-0.426733
84.1	0.152663	-0.434374
84.15	0.130775	-0.440986
84.2	0.108582	-0.446561
84.25	0.086136	-0.451096
84.3	0.0634895	-0.454586
84.35	0.0406948	-0.457028
84.4	0.0178042	-0.45842
84.45	-0.00512961	-0.458759
84.5	-0.028054	-0.458044
84.55	-0.0509163	-0.456274
84.6	-0.0736638	-0.453449
84.65	-0.0962436	-0.449571
84.7	-0.118603	-0.44464
84.75	-0.14069	-0.43866
84.8	-0.162452	-0.431633
84.85	-0.183836	-0.423567
84.9	-0.204791	-0.414467
84.95	-0.225265	-0.404342
85	-0.245208	-0.393205
85.05	-0.264569	-0.381069
85.1	-0.283299	-0.36795
85.15	-0.301348	-0.353869
85.2	-0.31867	-0.338848
85.25	-0.335217	-0.322914
85.3	-0.350946	-0.306097
85.35	-0.365813	-0.288432
85.4	-0.379775	-0.269956
85.45	-0.392795	-0.250712
85.5	-0.404834	-0.230746
85.55	-0.415858	-0.210108
85.6	-0.425835	-0.188852
85.65	-0.434734	-0.167037
85.7	-0.44253	-0.144722
85.75	-0.449199	-0.121973
85.8	-0.45472	-0.0988558
85.85	-0.459079	-0.0754409
85.9	-0.46226	-0.0517995
85.95	-0.464256	-0.0280042
86	-0.465059	-0.00412913
86.05	-0.464668	0.0197516
86.1	-0.463085	0.0435638
86.15	-0.460314	0.0672338
86.2	-0.456365	0.0906894
86.25	-0.45125	0.11386
86.3	-0.444984	0.136676
86.35	-0.437589	0.159072
86.4	-0.429085	0.180984
86.45	-0.419499	0.202353
86.5	-0.408859	0.223121
86.55	-0.397198	0.243237
86.6	-0.384547	0.262649
86.65	-0.370945	0.281314
86.7	-0.356429	0.29919
86.75	-0.341039	0.31624
86.8	-0.324819	0.332429
86.85	-0.307811	0.347728
86.9	-0.290061	0.362111
86.95	-0.271616	0.375554
87	-0.252522	0.388036
87.05	-0.232828	0.399542
87.1	-0.212584	0.410056
87.15	-0.191839	0.419565
87.2	-0.170644	0.42806
87.25	-0.14905	0.435531
87.3	-0.127108	0.441971
87.35	-0.10487	0.447374
87.4	-0.0823883	0.451736
87.45	-0.0597142	0.455053
87.5	-0.0369005	0.457321
87.55	-0.0139996	0.458538
87.6	0.00893579	0.458703
87.65	0.0318531	0.457813
87.7	0.0546994	0.455868
87.75	0.0774223	0.452869
87.8	0.0999687	0.448816
87.85	0.122286	0.443712
87.9	0.144322	0.437557
87.95	0.166024	0.430358
88	0.187341	0.42212
88.05	0.208219	0.412849
88.1	0.228608	0.402557
88.15	0.248458	0.391253
88.2	0.267717	0.378952
88.25	0.286337	0.365673
88.3	0.304268	0.351434
88.35	0.321464	0.33626
88.4	0.337879	0.320177
88.45	0.353467	0.303218
88.5	0.368186	0.285415
88.55	0.381995	0.266809
88.6	0.394854	0.247442
88.65	0.406727	0.227361
88.7	0.417579	0.206617
88.75	0.427378	0.185265
88.8	0.436096	0.163362
88.85	0.443706	0.140971
88.9	0.450186	0.118156
88.95	0.455515	0.094985
89	0.459679	0.0715277
89.05	0.462664	0.0478559
89.1	0.464462	0.0240424
89.15	0.465067	0.000161438
89.2	0.464478	-0.0237129
89.25	0.462697	-0.0475063
89.3	0.459729	-0.0711456
89.35	0.455586	-0.0945584
89.4	0.450278	-0.117674
89.45	0.443824	-0.140425
89.5	0.436243	-0.162745
89.55	0.427557	-0.184571
89.6	0.417794	-0.205844
89.65	0.406983	-0.226507
89.7	0.395154	-0.246509
89.75	0.382344	-0.265801
89.8	0.368587	-0.284337
89.85	0.353923	-0.302079
89.9	0.338393	-0.318987
89.95	0.322038	-0.335031
90	0.304904	-0.350179
90.05	0.287036	-0.364407
90.1	0.268479	-0.377692
90.15	0.249282	-0.390014
90.2	0.229494	-0.401355
90.25	0.209163	-0.411703
90.3	0.18834	-0.421045
90.35	0.167076	-0.42937
90.4	0.14542	-0.43667
90.45	0.123426	-0.442938
90.5	0.101144	-0.448169
90.55	0.0786264	-0.452357
90.6	0.0559256	-0.4555
90.65	0.0330939	-0.457594
90.7	0.0101838	-0.458636
90.75	-0.0127521	-0.458625
90.8	-0.0356611	-0.45756
90.85	-0.0584904	-0.45544
90.9	-0.0811874	-0.452266
90.95	-0.103699	-0.448038
91	-0.125974	-0.442758
91.05	-0.147958	-0.43643
91.1	-0.169599	-0.429057
91.15	-0.190846	-0.420647
91.2	-0.211646	-0.411205
91.25	-0.231949	-0.400743
91.3	-0.251704	-0.389273
91.35	-0.27086	-0.376808
91.4	-0.289368	-0.363367
91.45	-0.30718	-0.348971
91.5	-0.32425	-0.333644
91.55	-0.34053	-0.317413
91.6	-0.355976	-0.300311
91.65	-0.370546	-0.282372
91.7	-0.3842	-0.263636
91.75	-0.396897	-0.244146
91.8	-0.408602	-0.223951
91.85	-0.419281	-0.203102
91.9	-0.428902	-0.181654
91.95	-0.437437	-0.159665
92	-0.444861	-0.137199
92.05	-0.45115	-0.11432
92.1	-0.456286	-0.0910962
92.15	-0.460255	-0.0675981
92.2	-0.463043	-0.0438974
92.25	-0.464642	-0.0200675
92.3	-0.465048	0.00381766
92.35	-0.46426	0.0276837
92.4	-0.462281	0.0514567
92.45	-0.459117	0.0750634
92.5	-0.454778	0.0984318
92.55	-0.449279	0.121492
92.6	-0.442635	0.144175
92.65	-0.434868	0.166417
92.7	-0.426001	0.188156
92.75	-0.416062	0.209331
92.8	-0.405078	0.229888
92.85	-0.393084	0.249775
92.9	-0.380113	0.268943
92.95	-0.366202	0.28735
93	-0.351391	0.304956
93.05	-0.33572	0.321722
93.1	-0.319233	0.337619
93.15	-0.301973	0.352616
93.2	-0.283987	0.366688
93.25	-0.26532	0.379814
93.3	-0.246021	0.391973
93.35	-0.226139	0.403151
93.4	-0.205723	0.413331
93.45	-0.184822	0.422504
93.5	-0.163489	0.430659
93.55	-0.141774	0.437788
93.6	-0.119727	0.443884
93.65	-0.0974025	0.448941
93.7	-0.0748508	0.452955
93.75	-0.0521244	0.455923
93.8	-0.0292759	0.457842
93.85	-0.00635778	0.458709
93.9	0.0165774	0.458522
93.95	0.0394768	0.457281
94	0.0622878	0.454985
94.05	0.0849577	0.451635
94.1	0.107434	0.447232
94.15	0.129663	0.441777
94.2	0.151594	0.435274
94.25	0.173173	0.427728
94.3	0.194349	0.419145
94.35	0.21507	0.409532
94.4	0.235285	0.398901
94.45	0.254944	0.387263
94.5	0.273995	0.374634
94.55	0.292391	0.361033
94.6	0.310082	0.346479
94.65	0.327023	0.330999
94.7	0.343167	0.31462
94.75	0.35847	0.297375
94.8	0.37289	0.2793
94.85	0.386387	0.260435
94.9	0.398921	0.240824
94.95	0.410457	0.220516
95	0.420962	0.199563
95.05	0.430403	0.17802
95.1	0.438755	0.155947
95.15	0.44599	0.133407
95.2	0.452088	0.110465
95.25	0.457031	0.0871906
95.3	0.460803	0.0636534
95.35	0.463392	0.0399257
95.4	0.464793	0.0160811
95.45	0.465	-0.00780629
95.5	0.464012	-0.0316622
95.55	0.461835	-0.0554128
95.6	0.458474	-0.0789849
95.65	0.45394	-0.102307
95.7	0.448248	-0.125309
95.75	0.441415	-0.147924
95.8	0.433463	-0.170086
95.85	0.424415	-0.191734
95.9	0.414299	-0.21281
95.95	0.403144	-0.233259
96	0.390984	-0.253029
96.05	0.377853	-0.272074
96.1	0.363789	-0.29035
96.15	0.348831	-0.307818
96.2	0.333021	-0.324442
96.25	0.316402	-0.34019
96.3	0.299017	-0.355035
96.35	0.280914	-0.36895
96.4	0.262138	-0.381916
96.45	0.242738	-0.393913
96.5	0.222763	-0.404924
96.55	0.202262	-0.414938
96.6	0.181286	-0.423941
96.65	0.159885	-0.431925
96.7	0.13811	-0.438882
96.75	0.116014	-0.444805
96.8	0.0936473	-0.449688
96.85	0.0710625	-0.453528
96.9	0.0483119	-0.456321
96.95	0.0254479	-0.458064
97	0.00252309	-0.458754
97.05	-0.0204099	-0.458392
97.1	-0.0432985	-0.456974
97.15	-0.0660897	-0.454502
97.2	-0.0887311	-0.450976
97.25	-0.11117	-0.446396
97.3	-0.133353	-0.440766
97.35	-0.155229	-0.434088
97.4	-0.176744	-0.426368
97.45	-0.197848	-0.417612
97.5	-0.218488	-0.407829
97.55	-0.238614	-0.397028
97.6	-0.258174	-0.385223
97.65	-0.27712	-0.37243
97.7	-0.295401	-0.358667
97.75	-0.31297	-0.343957
97.8	-0.329781	-0.328324
97.85	-0.345788	-0.311798
97.9	-0.360946	-0.294411
97.95	-0.375215	-0.276201
98	-0.388553	-0.257208
98.05	-0.400923	-0.237477
98.1	-0.412289	-0.217057
98.15	-0.422618	-0.196
98.2	-0.431879	-0.174364
98.25	-0.440045	-0.152208
98.3	-0.447092	-0.129596
98.35	-0.452998	-0.106594
98.4	-0.457746	-0.0832698
98.45	-0.461321	-0.0596953
98.5	-0.463712	-0.0359426
98.55	-0.464913	-0.0120854
98.6	-0.46492	0.0118023
98.65	-0.463733	0.0356461
98.7	-0.461357	0.0593721
98.75	-0.457799	0.0829076
98.8	-0.45307	0.106181
98.85	-0.447186	0.129123
98.9	-0.440164	0.151667
98.95	-0.432026	0.173748
99	-0.422798	0.195305
99.05	-0.412505	0.21628
99.1	-0.40118	0.236619
99.15	-0.388855	0.256271
99.2	-0.375565	0.275191
99.25	-0.361348	0.293334
99.3	-0.346245	0.310663
99.35	-0.330296	0.327143
99.4	-0.313545	0.342742
99.45	-0.296037	0.357433
99.5	-0.277817	0.371191
99.55	-0.258933	0.383996
99.6	-0.239434	0.395829
99.65	-0.219367	0.406675
99.7	-0.198783	0.41652
99.75	-0.177732	0.425353
99.8	-0.156264	0.433166
99.85	-0.134432	0.43995
99.9	-0.112287	0.445699
99.95	-0.0898795	0.450408
100	-0.0672631	0.454073
