1 136
1 183
1 184
1 188
1 194
1 194
1 197
1 197
1 200
1 227
1 242
2 88
2 190
2 202
2 204
2 205
2 207
2 215
2 220
2 246
3 136
3 195
3 204
3 209
3 211
3 212
3 212
3 214
3 225
4 196
4 196
4 201
4 209
4 214
5 204
5 206
5 215
5 216
5 229
6 208
7 213
7 257
7 268
7 306
7 315
8 206
8 233
9 190
9 233
11 239
13 225
14 223
14 239
14 277
15 213
15 241
16 170
16 256
18 219
19 241
19 272
20 251
22 214
22 256
23 264
25 284
25 288
25 347
27 282
30 335
34 181
36 333
40 329
41 345
43 336
43 414
47 310
49 388
53 393
55 356
65 466
67 473
68 455
72 478
74 522
79 593
85 707
86 529
92 570
94 567
98 594
104 693
111 624
114 620
118 640
131 593
135 691
136 636
148 705
