1 173
1 195
1 203
1 204
1 205
1 206
1 207
1 207
1 209
1 213
1 214
1 215
1 215
1 220
1 223
1 250
1 257
2 185
2 187
2 206
2 211
2 217
2 227
2 239
2 279
2 301
3 220
3 237
4 246
4 252
4 252
4 260
5 235
5 262
5 305
5 525
6 273
6 275
6 275
6 302
7 293
7 661
8 302
9 261
9 296
9 343
9 390
10 291
10 316
10 352
12 378
12 382
13 388
13 409
14 408
14 436
14 465
16 411
16 454
17 487
18 556
19 576
20 580
22 596
22 600
23 664
26 692
28 800
31 818
36 892
39 935
42 998
42 1014
44 1003
47 1013
53 1054
54 7717
55 1092
56 691
58 1053
59 1079
59 1175
60 1092
61 1116
65 1086
69 930
76 1087
84 1081
87 1089
91 1079
97 1097
100 1120
111 1107
120 1048
120 1106
121 1108
123 1082
130 1125
134 1100
147 1115